2,1,425.16,25.22,22.69,54.07,1,-1,-1,-1
3,1,423.77,22.68,23.95,57.20,1,-1,-1,-1
3,2,333.72,31.84,17.56,60.10,1,-1,-1,-1
3,3,367.40,11.46,13.69,34.56,1,-1,-1,-1
4,1,422.55,20.44,25.20,60.34,1,-1,-1,-1
4,2,334.04,33.04,16.93,57.93,1,-1,-1,-1
4,3,368.50,9.41,14.15,35.92,1,-1,-1,-1
5,1,422.42,20.37,25.04,60.03,1,-1,-1,-1
5,2,334.00,33.32,16.99,58.19,1,-1,-1,-1
5,3,368.93,8.74,14.21,36.33,1,-1,-1,-1
5,4,114.05,80.87,25.90,66.00,1,-1,-1,-1
5,5,417.41,7.00,10.39,31.97,1,-1,-1,-1
6,1,422.56,21.12,24.64,59.11,1,-1,-1,-1
6,2,333.84,31.90,17.32,59.82,1,-1,-1,-1
6,3,368.66,7.87,14.33,37.11,1,-1,-1,-1
6,4,114.05,79.41,25.90,66.00,1,-1,-1,-1
6,5,417.39,7.00,10.28,31.61,1,-1,-1,-1
7,1,422.21,20.77,24.65,59.38,1,-1,-1,-1
7,2,334.20,32.79,16.60,57.61,1,-1,-1,-1
7,3,369.41,7.61,13.99,36.66,1,-1,-1,-1
8,1,422.04,22.02,23.42,56.74,1,-1,-1,-1
8,2,334.83,32.38,16.04,56.16,1,-1,-1,-1
8,3,370.54,7.57,13.49,35.77,1,-1,-1,-1
9,1,422.04,22.54,22.86,55.69,1,-1,-1,-1
9,2,335.06,32.71,15.72,55.03,1,-1,-1,-1
9,3,371.10,7.60,12.97,34.72,1,-1,-1,-1
10,1,423.95,26.14,20.20,49.19,1,-1,-1,-1
10,2,335.13,32.19,15.73,55.62,1,-1,-1,-1
10,3,372.01,6.98,12.69,34.31,1,-1,-1,-1
11,1,424.18,26.11,18.85,45.30,1,-1,-1,-1
11,2,335.32,32.39,15.49,54.75,1,-1,-1,-1
11,3,372.77,7.45,12.36,33.47,1,-1,-1,-1
12,1,423.61,25.38,18.98,45.45,1,-1,-1,-1
12,3,373.04,7.66,12.23,33.16,1,-1,-1,-1
12,4,118.68,80.81,25.47,65.02,1,-1,-1,-1
13,1,423.91,25.82,18.07,42.77,1,-1,-1,-1
13,3,372.96,8.43,11.82,31.69,1,-1,-1,-1
13,4,119.20,80.16,25.57,65.68,1,-1,-1,-1
14,1,423.90,25.92,17.54,41.52,1,-1,-1,-1
14,2,335.77,32.09,15.43,54.74,1,-1,-1,-1
14,3,372.59,9.42,11.61,30.47,1,-1,-1,-1
14,4,119.71,79.95,25.58,65.89,1,-1,-1,-1
15,2,335.94,32.19,15.26,54.17,1,-1,-1,-1
15,3,372.67,9.79,11.75,30.03,1,-1,-1,-1
15,4,120.12,79.88,25.11,64.63,1,-1,-1,-1
16,3,372.99,9.76,11.61,29.67,1,-1,-1,-1
16,4,120.63,79.62,25.05,64.49,1,-1,-1,-1
20,3,378.05,6.26,12.23,31.73,1,-1,-1,-1
21,3,378.74,5.89,12.23,31.72,1,-1,-1,-1
22,1,418.34,16.18,19.42,45.75,1,-1,-1,-1
22,3,379.04,7.46,11.39,29.59,1,-1,-1,-1
23,1,417.86,15.39,19.40,45.71,1,-1,-1,-1
23,3,379.69,7.28,11.30,29.37,1,-1,-1,-1
23,5,500.00,11.99,14.68,44.96,1,-1,-1,-1
24,2,338.59,25.20,14.75,52.90,1,-1,-1,-1
24,5,504.46,12.26,14.91,45.66,1,-1,-1,-1
25,2,339.46,24.91,13.86,51.52,1,-1,-1,-1
26,1,417.60,17.35,19.43,45.08,1,-1,-1,-1
26,2,340.06,24.15,13.64,51.71,1,-1,-1,-1
27,1,417.92,17.66,19.48,45.00,1,-1,-1,-1
27,2,340.25,23.88,13.58,52.46,1,-1,-1,-1
28,1,418.32,23.05,18.91,42.33,1,-1,-1,-1
28,2,340.45,24.46,13.30,52.08,1,-1,-1,-1
28,5,508.13,13.91,14.19,41.96,1,-1,-1,-1
29,1,418.50,25.11,18.68,41.32,1,-1,-1,-1
29,2,340.43,24.04,13.35,51.95,1,-1,-1,-1
29,5,508.24,14.06,14.38,42.78,1,-1,-1,-1
30,1,417.89,19.79,19.97,45.00,1,-1,-1,-1
30,2,341.06,23.89,13.42,51.91,1,-1,-1,-1
30,5,511.53,14.36,14.49,43.11,1,-1,-1,-1
31,1,416.05,15.33,22.37,51.47,1,-1,-1,-1
31,2,341.58,23.19,13.51,52.57,1,-1,-1,-1
32,1,416.89,16.10,21.45,49.59,1,-1,-1,-1
32,2,342.24,22.94,13.26,52.16,1,-1,-1,-1
33,1,417.16,17.80,20.64,47.42,1,-1,-1,-1
33,2,342.80,22.86,13.20,52.01,1,-1,-1,-1
34,1,417.91,17.81,20.37,46.57,1,-1,-1,-1
34,2,343.35,22.84,13.13,51.29,1,-1,-1,-1
34,5,514.98,17.76,12.35,36.80,1,-1,-1,-1
35,1,418.39,18.49,19.87,45.58,1,-1,-1,-1
35,2,343.75,22.18,13.34,52.36,1,-1,-1,-1
35,5,515.07,19.54,11.72,34.65,1,-1,-1,-1
36,1,418.60,18.09,19.64,45.20,1,-1,-1,-1
36,2,344.13,21.84,13.33,52.31,1,-1,-1,-1
36,4,128.94,75.99,25.14,67.96,1,-1,-1,-1
36,5,515.73,20.05,11.77,34.73,1,-1,-1,-1
37,1,418.45,16.62,20.01,46.39,1,-1,-1,-1
37,4,129.55,76.60,24.18,67.37,1,-1,-1,-1
37,5,517.05,21.57,11.57,33.41,1,-1,-1,-1
38,1,418.93,16.08,19.74,46.18,1,-1,-1,-1
38,2,346.13,21.03,13.30,52.87,1,-1,-1,-1
38,4,129.89,76.83,23.59,67.16,1,-1,-1,-1
38,5,519.05,20.73,11.67,33.64,1,-1,-1,-1
39,1,418.91,15.69,19.77,46.26,1,-1,-1,-1
39,2,346.62,20.67,13.30,52.89,1,-1,-1,-1
39,4,130.28,77.58,22.81,65.75,1,-1,-1,-1
39,5,520.00,20.40,11.81,34.41,1,-1,-1,-1
40,4,130.61,77.60,22.77,65.64,1,-1,-1,-1
40,5,520.98,20.94,11.80,34.71,1,-1,-1,-1
41,1,418.35,14.14,20.38,46.91,1,-1,-1,-1
41,5,521.78,19.12,12.12,36.16,1,-1,-1,-1
42,1,418.30,13.67,20.44,47.05,1,-1,-1,-1
42,5,522.55,19.09,11.86,36.05,1,-1,-1,-1
43,5,523.10,19.74,11.76,36.01,1,-1,-1,-1
44,4,131.98,76.14,23.00,68.68,1,-1,-1,-1
44,5,524.45,19.92,11.75,35.98,1,-1,-1,-1
45,4,132.28,75.33,22.65,69.65,1,-1,-1,-1
46,4,132.52,75.05,22.24,69.98,1,-1,-1,-1
47,4,131.30,71.67,21.41,66.81,1,-1,-1,-1
48,1,423.43,14.76,19.57,46.10,1,-1,-1,-1
48,4,131.14,70.37,21.11,64.91,1,-1,-1,-1
49,1,423.79,14.61,19.56,46.10,1,-1,-1,-1
49,3,406.23,7.99,12.49,33.97,1,-1,-1,-1
49,4,130.92,69.92,21.32,64.88,1,-1,-1,-1
49,5,526.44,20.99,10.87,33.20,1,-1,-1,-1
50,3,406.46,6.77,12.26,35.30,1,-1,-1,-1
50,4,130.78,69.77,21.50,64.88,1,-1,-1,-1
50,5,526.74,21.77,10.26,30.85,1,-1,-1,-1
51,3,407.39,6.71,12.35,35.57,1,-1,-1,-1
51,4,130.78,69.74,21.48,64.22,1,-1,-1,-1
51,5,527.62,22.03,10.10,30.37,1,-1,-1,-1
52,4,130.72,69.75,21.57,63.99,1,-1,-1,-1
53,4,130.57,69.77,21.88,64.57,1,-1,-1,-1
54,1,425.04,2.77,19.04,46.94,1,-1,-1,-1
54,4,130.85,70.46,21.97,64.14,1,-1,-1,-1
54,5,532.58,18.45,8.49,23.55,1,-1,-1,-1
55,1,426.03,1.90,18.53,46.32,1,-1,-1,-1
55,4,131.65,74.05,22.61,65.97,1,-1,-1,-1
55,5,533.76,18.23,8.10,22.49,1,-1,-1,-1
56,1,426.37,0.82,18.53,46.32,1,-1,-1,-1
56,4,131.48,74.74,23.13,67.97,1,-1,-1,-1
57,4,131.59,74.97,23.21,68.22,1,-1,-1,-1
58,1,428.01,3.18,17.76,45.20,1,-1,-1,-1
58,5,533.35,17.03,9.63,25.60,1,-1,-1,-1
59,1,428.43,2.56,17.72,45.09,1,-1,-1,-1
59,5,534.07,16.75,9.53,25.32,1,-1,-1,-1
61,5,533.93,17.72,9.64,24.96,1,-1,-1,-1
62,5,534.50,17.60,9.54,24.70,1,-1,-1,-1
63,1,431.15,0.92,12.00,30.27,1,-1,-1,-1
64,1,431.67,0.38,11.44,28.84,1,-1,-1,-1
75,3,381.08,15.92,15.60,42.99,1,-1,-1,-1
76,3,380.96,16.79,15.98,43.10,1,-1,-1,-1
77,3,379.88,17.23,16.09,43.39,1,-1,-1,-1
78,4,132.45,74.05,24.14,72.01,1,-1,-1,-1
79,1,442.48,13.99,11.02,26.99,1,-1,-1,-1
79,4,132.48,74.01,24.20,72.19,1,-1,-1,-1
80,1,443.19,14.72,10.91,26.70,1,-1,-1,-1
80,4,132.76,74.79,23.53,70.49,1,-1,-1,-1
81,1,442.79,14.42,11.17,26.83,1,-1,-1,-1
81,4,133.20,74.95,23.34,70.84,1,-1,-1,-1
82,1,443.43,15.07,11.06,26.58,1,-1,-1,-1
82,4,132.82,75.00,22.99,70.29,1,-1,-1,-1
83,4,132.13,74.35,23.28,71.42,1,-1,-1,-1
84,4,131.32,73.45,23.83,73.16,1,-1,-1,-1
85,4,131.03,73.76,24.03,73.82,1,-1,-1,-1
86,4,131.13,73.23,24.33,75.37,1,-1,-1,-1
87,1,442.61,13.39,11.35,26.88,1,-1,-1,-1
87,3,390.74,8.39,16.27,41.15,1,-1,-1,-1
87,4,130.49,72.38,24.52,76.60,1,-1,-1,-1
88,1,442.56,13.22,11.27,26.24,1,-1,-1,-1
88,3,391.95,8.70,16.43,39.58,1,-1,-1,-1
88,4,130.47,72.71,24.13,75.75,1,-1,-1,-1
89,1,442.50,13.82,11.31,26.02,1,-1,-1,-1
89,3,392.62,8.78,16.57,39.12,1,-1,-1,-1
89,4,129.82,72.85,23.96,74.73,1,-1,-1,-1
90,1,442.79,14.10,11.23,25.83,1,-1,-1,-1
90,3,393.22,8.45,16.47,38.87,1,-1,-1,-1
90,4,129.43,74.23,23.55,72.35,1,-1,-1,-1
91,4,128.93,75.43,23.45,71.44,1,-1,-1,-1
92,3,395.25,7.11,13.65,32.89,1,-1,-1,-1
92,4,128.52,75.20,23.88,72.44,1,-1,-1,-1
93,3,395.93,6.70,13.29,32.01,1,-1,-1,-1
93,4,126.75,71.15,27.95,80.73,1,-1,-1,-1
94,4,127.14,76.00,25.47,72.38,1,-1,-1,-1
95,4,125.05,71.30,29.64,81.64,1,-1,-1,-1
96,4,122.05,69.08,31.82,85.41,1,-1,-1,-1
97,4,121.40,68.53,32.31,86.71,1,-1,-1,-1
98,4,124.34,78.60,26.14,69.06,1,-1,-1,-1
99,1,431.72,2.41,12.29,27.89,1,-1,-1,-1
99,4,124.03,79.01,25.99,68.66,1,-1,-1,-1
100,1,430.96,1.89,12.88,29.31,1,-1,-1,-1
101,1,430.26,1.16,12.97,29.51,1,-1,-1,-1
103,14,533.72,12.20,12.32,32.56,1,-1,-1,-1
104,14,533.88,11.88,12.26,32.41,1,-1,-1,-1
105,14,534.07,12.54,11.95,31.56,1,-1,-1,-1
106,14,533.92,13.52,11.53,30.51,1,-1,-1,-1
107,14,533.99,13.87,11.13,29.43,1,-1,-1,-1
108,14,533.90,13.28,11.23,29.76,1,-1,-1,-1
109,1,418.45,8.37,13.71,31.01,1,-1,-1,-1
109,3,443.70,2.99,10.38,21.99,1,-1,-1,-1
109,14,533.99,13.76,11.02,29.19,1,-1,-1,-1
110,1,417.86,8.86,13.78,31.06,1,-1,-1,-1
110,3,444.31,2.91,11.04,21.78,1,-1,-1,-1
110,14,534.02,13.94,10.95,28.99,1,-1,-1,-1
111,1,418.71,9.03,13.67,31.08,1,-1,-1,-1
111,3,444.71,2.22,11.35,21.74,1,-1,-1,-1
111,14,533.80,13.32,11.39,30.29,1,-1,-1,-1
112,1,417.82,9.24,13.74,31.25,1,-1,-1,-1
112,3,444.69,1.98,11.59,21.74,1,-1,-1,-1
112,14,533.78,13.29,11.39,30.30,1,-1,-1,-1
113,3,444.13,1.90,11.93,21.77,1,-1,-1,-1
114,3,445.82,1.64,11.72,21.38,1,-1,-1,-1
114,4,114.87,76.09,28.31,77.85,1,-1,-1,-1
115,4,114.80,77.28,26.76,74.90,1,-1,-1,-1
116,4,114.88,77.75,26.00,73.71,1,-1,-1,-1
117,4,114.47,77.93,25.30,73.26,1,-1,-1,-1
118,4,114.82,79.32,24.07,70.44,1,-1,-1,-1
118,14,534.18,13.95,10.63,28.12,1,-1,-1,-1
119,4,114.94,79.17,23.70,70.05,1,-1,-1,-1
119,14,534.21,14.00,10.56,27.94,1,-1,-1,-1
120,1,421.16,6.20,13.80,32.98,1,-1,-1,-1
120,4,114.53,79.33,23.59,69.74,1,-1,-1,-1
120,14,534.06,13.20,10.88,28.76,1,-1,-1,-1
121,1,421.02,6.06,13.88,33.18,1,-1,-1,-1
121,14,534.03,13.05,10.93,28.90,1,-1,-1,-1
122,14,534.02,13.00,10.96,28.95,1,-1,-1,-1
123,14,533.70,12.32,11.60,30.96,1,-1,-1,-1
124,4,116.65,84.59,23.94,70.79,1,-1,-1,-1
124,14,533.64,13.36,11.08,29.12,1,-1,-1,-1
125,4,116.10,81.64,23.47,69.54,1,-1,-1,-1
125,14,533.36,13.11,11.36,29.70,1,-1,-1,-1
126,4,115.83,79.95,23.47,69.77,1,-1,-1,-1
126,14,533.14,12.37,11.71,30.57,1,-1,-1,-1
127,4,116.11,78.67,23.38,69.21,1,-1,-1,-1
127,14,532.95,12.09,12.06,31.55,1,-1,-1,-1
128,4,116.77,78.85,22.90,67.67,1,-1,-1,-1
128,14,532.87,11.96,12.15,31.78,1,-1,-1,-1
129,1,439.05,3.08,12.35,28.28,1,-1,-1,-1
129,4,116.78,78.76,22.78,67.31,1,-1,-1,-1
130,1,439.82,2.95,12.57,28.00,1,-1,-1,-1
130,4,117.51,78.14,22.61,66.20,1,-1,-1,-1
130,14,532.39,11.12,12.34,32.04,1,-1,-1,-1
131,1,440.52,1.54,13.14,29.96,1,-1,-1,-1
131,4,117.61,77.99,22.45,65.76,1,-1,-1,-1
131,14,532.28,10.93,12.42,32.25,1,-1,-1,-1
132,1,441.65,1.12,13.15,29.99,1,-1,-1,-1
133,4,117.77,79.67,22.42,64.98,1,-1,-1,-1
134,4,117.83,78.54,23.04,66.93,1,-1,-1,-1
135,4,117.86,78.82,23.21,67.58,1,-1,-1,-1
136,4,118.17,80.24,22.70,65.85,1,-1,-1,-1
137,4,118.74,80.12,22.92,66.53,1,-1,-1,-1
138,4,118.85,80.07,23.19,67.45,1,-1,-1,-1
139,4,119.01,80.16,23.18,67.42,1,-1,-1,-1
140,1,448.87,5.71,18.23,40.62,1,-1,-1,-1
140,21,379.69,7.64,13.19,23.61,1,-1,-1,-1
140,22,394.57,6.00,13.25,24.57,1,-1,-1,-1
141,1,448.89,5.35,19.11,41.17,1,-1,-1,-1
141,21,378.81,8.58,14.63,26.12,1,-1,-1,-1
141,22,394.02,6.00,13.52,25.05,1,-1,-1,-1
142,1,449.22,4.55,20.62,44.53,1,-1,-1,-1
142,21,378.89,8.43,14.75,26.33,1,-1,-1,-1
143,1,449.31,2.99,21.89,48.94,1,-1,-1,-1
144,1,450.07,2.98,21.51,48.84,1,-1,-1,-1
144,21,379.61,9.81,14.69,26.07,1,-1,-1,-1
145,1,450.89,2.95,22.02,49.99,1,-1,-1,-1
145,21,379.45,10.71,14.47,25.33,1,-1,-1,-1
146,21,379.61,10.99,14.44,25.27,1,-1,-1,-1
150,4,125.39,77.09,24.95,71.89,1,-1,-1,-1
151,4,125.72,77.65,24.82,70.71,1,-1,-1,-1
151,14,532.15,11.95,11.69,30.06,1,-1,-1,-1
152,4,126.17,77.84,24.74,70.29,1,-1,-1,-1
152,14,532.49,12.00,11.73,30.73,1,-1,-1,-1
152,21,383.13,11.07,13.54,23.08,1,-1,-1,-1
153,4,126.48,77.92,25.05,70.79,1,-1,-1,-1
153,14,532.51,12.04,11.73,30.72,1,-1,-1,-1
153,21,383.72,12.50,13.42,21.52,1,-1,-1,-1
154,4,126.27,76.63,25.79,72.95,1,-1,-1,-1
154,21,383.30,12.24,13.89,21.04,1,-1,-1,-1
155,4,126.19,76.15,26.06,73.76,1,-1,-1,-1
155,21,383.04,12.14,14.93,21.57,1,-1,-1,-1
156,4,126.24,75.32,26.61,76.02,1,-1,-1,-1
156,21,382.76,10.76,16.35,23.11,1,-1,-1,-1
156,22,415.65,4.01,13.31,24.06,1,-1,-1,-1
157,4,126.22,75.01,26.87,77.52,1,-1,-1,-1
157,21,382.28,10.25,16.96,23.68,1,-1,-1,-1
157,22,416.74,3.98,13.53,24.01,1,-1,-1,-1
158,4,126.26,74.90,26.84,78.07,1,-1,-1,-1
158,21,382.52,10.71,16.31,22.60,1,-1,-1,-1
158,22,417.44,3.96,13.59,24.00,1,-1,-1,-1
159,1,442.63,3.96,12.42,28.15,1,-1,-1,-1
159,4,126.70,74.87,26.61,78.26,1,-1,-1,-1
159,21,382.36,8.20,16.53,22.84,1,-1,-1,-1
159,22,418.03,3.96,13.51,24.00,1,-1,-1,-1
160,1,442.96,4.00,11.94,27.02,1,-1,-1,-1
160,4,126.37,74.21,26.84,79.62,1,-1,-1,-1
160,21,381.32,8.62,17.25,24.26,1,-1,-1,-1
160,22,417.38,3.96,13.76,24.67,1,-1,-1,-1
161,1,442.38,4.01,12.26,27.51,1,-1,-1,-1
161,4,126.30,73.97,26.81,80.11,1,-1,-1,-1
161,21,380.91,8.78,17.55,24.78,1,-1,-1,-1
161,22,417.33,3.96,13.42,23.59,1,-1,-1,-1
162,1,442.09,4.05,12.00,26.93,1,-1,-1,-1
162,4,126.12,74.54,26.41,78.97,1,-1,-1,-1
162,21,380.51,9.51,16.84,23.68,1,-1,-1,-1
162,22,417.12,4.65,12.87,21.81,1,-1,-1,-1
163,4,126.43,74.78,26.15,78.50,1,-1,-1,-1
163,21,380.92,10.47,16.09,22.57,1,-1,-1,-1
163,22,417.30,4.21,12.77,21.16,1,-1,-1,-1
164,4,126.57,74.87,25.98,78.31,1,-1,-1,-1
164,21,381.07,10.83,15.81,21.49,1,-1,-1,-1
164,22,416.87,4.06,12.99,20.94,1,-1,-1,-1
165,4,126.83,75.57,25.50,76.90,1,-1,-1,-1
165,21,382.10,11.64,15.13,19.73,1,-1,-1,-1
165,22,416.82,4.00,13.51,21.56,1,-1,-1,-1
166,1,441.94,4.97,11.99,25.95,1,-1,-1,-1
166,4,126.93,75.84,25.29,76.35,1,-1,-1,-1
166,21,382.31,11.79,14.83,19.34,1,-1,-1,-1
166,22,416.93,4.65,13.42,21.12,1,-1,-1,-1
166,23,438.63,3.49,19.44,46.05,1,-1,-1,-1
167,1,441.83,5.11,11.81,25.55,1,-1,-1,-1
167,4,126.97,75.95,25.21,76.14,1,-1,-1,-1
167,21,381.32,11.99,15.67,19.80,1,-1,-1,-1
167,22,416.05,4.90,13.85,21.64,1,-1,-1,-1
167,23,438.33,4.75,18.44,43.59,1,-1,-1,-1
168,4,127.45,75.98,24.88,75.40,1,-1,-1,-1
168,21,381.41,12.14,15.44,19.52,1,-1,-1,-1
168,22,415.89,4.33,14.33,22.50,1,-1,-1,-1
168,23,437.25,3.59,18.68,44.39,1,-1,-1,-1
169,1,441.97,4.17,12.76,27.60,1,-1,-1,-1
169,4,127.47,75.33,25.09,76.45,1,-1,-1,-1
169,22,416.12,4.11,14.57,22.82,1,-1,-1,-1
169,23,436.60,3.76,18.44,43.80,1,-1,-1,-1
170,1,441.98,3.39,12.89,27.85,1,-1,-1,-1
170,4,127.50,75.09,25.10,76.84,1,-1,-1,-1
170,22,416.17,4.68,14.08,21.63,1,-1,-1,-1
171,1,442.28,2.44,13.67,29.93,1,-1,-1,-1
171,4,127.45,75.00,25.22,77.64,1,-1,-1,-1
171,22,416.35,4.72,14.01,21.53,1,-1,-1,-1
172,1,442.25,2.24,13.77,30.16,1,-1,-1,-1
172,4,127.47,74.97,25.19,77.94,1,-1,-1,-1
173,4,127.50,74.96,25.11,78.05,1,-1,-1,-1
174,4,127.82,76.28,24.47,76.10,1,-1,-1,-1
175,4,127.75,76.12,24.58,76.69,1,-1,-1,-1
176,4,127.93,76.72,24.22,75.58,1,-1,-1,-1
177,4,128.17,77.61,23.72,73.83,1,-1,-1,-1
178,4,128.25,77.94,23.56,73.18,1,-1,-1,-1
179,4,127.97,78.05,23.44,72.95,1,-1,-1,-1
179,23,383.71,6.98,12.62,29.10,1,-1,-1,-1
180,4,128.35,78.75,23.10,71.55,1,-1,-1,-1
180,14,481.68,7.02,11.96,30.00,1,-1,-1,-1
180,23,382.06,7.84,12.34,27.18,1,-1,-1,-1
181,4,127.98,78.33,23.32,72.37,1,-1,-1,-1
181,14,479.72,6.82,11.95,29.97,1,-1,-1,-1
181,23,379.75,6.61,12.16,25.95,1,-1,-1,-1
182,1,444.98,3.88,12.90,28.14,1,-1,-1,-1
182,4,127.86,78.17,23.37,72.69,1,-1,-1,-1
182,23,379.37,8.35,12.43,25.61,1,-1,-1,-1
183,1,445.09,3.98,12.87,28.02,1,-1,-1,-1
183,4,128.29,78.77,23.10,71.50,1,-1,-1,-1
183,23,378.25,6.81,11.98,24.13,1,-1,-1,-1
184,1,445.12,4.01,12.88,27.99,1,-1,-1,-1
184,4,128.32,79.65,22.59,69.72,1,-1,-1,-1
184,14,482.63,7.82,11.74,28.19,1,-1,-1,-1
184,23,377.38,5.53,12.48,25.12,1,-1,-1,-1
185,1,445.40,4.02,12.99,28.64,1,-1,-1,-1
185,4,127.93,79.98,22.54,69.07,1,-1,-1,-1
185,14,481.63,7.79,11.65,27.99,1,-1,-1,-1
185,23,376.97,7.16,12.94,26.14,1,-1,-1,-1
186,1,445.39,4.68,12.60,27.57,1,-1,-1,-1
186,4,127.84,80.08,22.42,68.18,1,-1,-1,-1
186,14,482.83,7.95,12.18,28.77,1,-1,-1,-1
186,23,375.01,7.25,12.68,25.61,1,-1,-1,-1
187,1,449.13,6.96,12.37,27.15,1,-1,-1,-1
187,4,128.04,81.45,21.91,65.87,1,-1,-1,-1
187,14,482.89,7.98,12.37,28.90,1,-1,-1,-1
188,1,450.24,7.11,12.77,28.35,1,-1,-1,-1
188,4,128.24,81.27,22.15,66.38,1,-1,-1,-1
188,14,482.70,8.66,12.24,27.61,1,-1,-1,-1
189,1,450.67,7.16,12.85,28.78,1,-1,-1,-1
189,4,127.91,81.20,22.38,66.59,1,-1,-1,-1
189,14,482.14,9.60,11.87,25.77,1,-1,-1,-1
189,22,401.18,5.00,26.81,43.82,1,-1,-1,-1
190,1,450.59,6.51,13.31,30.27,1,-1,-1,-1
190,4,127.55,80.49,22.93,68.02,1,-1,-1,-1
190,14,481.62,9.78,11.68,25.36,1,-1,-1,-1
190,22,401.45,4.47,25.25,43.89,1,-1,-1,-1
191,1,450.85,5.61,13.52,31.47,1,-1,-1,-1
191,4,127.40,80.22,23.19,68.57,1,-1,-1,-1
191,22,400.69,4.46,25.87,44.98,1,-1,-1,-1
192,1,451.26,5.89,12.96,30.64,1,-1,-1,-1
192,4,127.41,80.11,23.14,68.13,1,-1,-1,-1
192,22,399.10,3.40,25.01,46.02,1,-1,-1,-1
193,1,451.71,6.00,12.74,30.29,1,-1,-1,-1
193,4,127.20,79.40,23.55,69.30,1,-1,-1,-1
193,22,398.60,3.77,23.58,45.12,1,-1,-1,-1
193,23,369.83,9.94,12.74,24.90,1,-1,-1,-1
194,1,451.61,6.04,12.52,30.15,1,-1,-1,-1
194,4,127.12,79.14,23.72,69.74,1,-1,-1,-1
194,22,398.48,3.91,22.93,45.39,1,-1,-1,-1
194,23,368.66,10.07,13.31,25.55,1,-1,-1,-1
195,1,452.25,6.05,12.35,30.10,1,-1,-1,-1
195,4,127.08,79.04,23.80,69.91,1,-1,-1,-1
195,22,397.70,3.89,23.40,46.32,1,-1,-1,-1
195,23,368.18,8.80,14.32,27.75,1,-1,-1,-1
196,1,452.26,6.05,12.08,29.41,1,-1,-1,-1
196,4,127.07,79.00,23.84,69.97,1,-1,-1,-1
196,23,367.29,8.32,14.23,27.94,1,-1,-1,-1
197,1,452.50,6.04,12.11,29.81,1,-1,-1,-1
197,4,127.15,79.65,23.67,69.34,1,-1,-1,-1
197,23,367.03,8.78,13.45,26.70,1,-1,-1,-1
198,1,452.39,5.38,12.51,31.27,1,-1,-1,-1
198,4,127.65,80.55,23.34,67.77,1,-1,-1,-1
198,23,367.97,10.28,12.53,24.89,1,-1,-1,-1
199,1,452.39,5.13,12.56,31.82,1,-1,-1,-1
199,4,127.78,80.89,23.32,67.18,1,-1,-1,-1
199,23,367.41,10.16,12.75,25.57,1,-1,-1,-1
200,1,452.31,5.03,12.70,32.68,1,-1,-1,-1
200,4,124.14,75.69,28.03,77.62,1,-1,-1,-1
200,23,366.60,10.35,12.69,25.44,1,-1,-1,-1
201,1,452.22,4.35,12.86,33.65,1,-1,-1,-1
201,4,126.22,79.47,25.46,70.08,1,-1,-1,-1
201,22,405.66,3.06,15.44,31.72,1,-1,-1,-1
202,1,452.34,4.73,12.60,33.36,1,-1,-1,-1
202,4,122.66,74.41,29.93,79.52,1,-1,-1,-1
202,22,405.43,3.00,14.47,30.24,1,-1,-1,-1
202,23,360.83,10.11,12.79,25.03,1,-1,-1,-1
203,1,452.70,4.89,12.50,33.23,1,-1,-1,-1
203,4,120.24,73.31,31.33,80.23,1,-1,-1,-1
203,22,405.02,3.69,13.57,28.48,1,-1,-1,-1
203,23,359.61,10.23,12.72,24.89,1,-1,-1,-1
204,1,453.11,4.95,12.56,33.83,1,-1,-1,-1
204,4,118.82,73.54,32.13,79.17,1,-1,-1,-1
204,22,405.32,3.22,13.81,29.34,1,-1,-1,-1
205,1,453.31,4.97,12.48,34.05,1,-1,-1,-1
205,4,118.59,74.30,32.47,76.75,1,-1,-1,-1
205,22,405.47,3.06,13.82,29.64,1,-1,-1,-1
206,1,453.24,4.98,12.06,33.47,1,-1,-1,-1
206,4,118.72,73.96,33.52,77.10,1,-1,-1,-1
206,22,405.27,3.00,13.65,29.78,1,-1,-1,-1
207,1,453.16,4.99,11.99,33.23,1,-1,-1,-1
207,4,118.82,74.50,34.48,77.22,1,-1,-1,-1
207,22,405.23,2.94,13.52,29.51,1,-1,-1,-1
208,1,452.94,5.65,11.66,32.47,1,-1,-1,-1
208,4,117.98,75.38,35.32,77.24,1,-1,-1,-1
209,1,453.43,5.24,11.71,32.84,1,-1,-1,-1
209,4,118.24,75.07,35.81,76.58,1,-1,-1,-1
210,1,453.35,5.08,11.59,32.98,1,-1,-1,-1
210,4,118.05,74.87,35.96,76.90,1,-1,-1,-1
211,1,453.26,5.02,11.66,33.69,1,-1,-1,-1
212,1,453.27,5.00,11.58,33.95,1,-1,-1,-1
213,1,453.60,4.99,11.55,34.04,1,-1,-1,-1
213,22,404.14,2.98,13.75,29.91,1,-1,-1,-1
214,1,453.93,5.65,11.13,32.76,1,-1,-1,-1
214,22,404.19,2.99,13.55,29.26,1,-1,-1,-1
215,1,453.95,5.90,11.17,32.92,1,-1,-1,-1
215,22,404.16,3.66,12.89,27.70,1,-1,-1,-1
216,1,453.67,4.67,11.75,34.97,1,-1,-1,-1
216,4,115.77,84.34,28.13,61.09,1,-1,-1,-1
216,22,404.08,3.71,12.75,27.40,1,-1,-1,-1
216,29,347.59,10.45,21.99,51.10,1,-1,-1,-1
217,1,454.24,4.21,11.90,35.72,1,-1,-1,-1
217,4,115.66,84.24,27.57,60.76,1,-1,-1,-1
217,22,404.78,4.75,12.16,25.43,1,-1,-1,-1
217,29,345.10,9.17,22.18,52.19,1,-1,-1,-1
218,1,454.31,4.69,11.62,35.36,1,-1,-1,-1
218,4,115.04,84.25,27.17,60.61,1,-1,-1,-1
218,14,481.70,14.00,13.56,29.98,1,-1,-1,-1
218,22,404.81,4.92,11.92,24.94,1,-1,-1,-1
218,23,345.45,11.01,15.96,32.89,1,-1,-1,-1
218,29,343.66,8.22,22.79,53.63,1,-1,-1,-1
219,1,454.09,4.87,11.33,34.55,1,-1,-1,-1
219,4,115.06,84.24,27.26,61.27,1,-1,-1,-1
219,14,481.71,14.15,13.65,30.16,1,-1,-1,-1
219,23,343.45,12.25,15.68,32.51,1,-1,-1,-1
220,1,454.57,4.95,11.40,34.89,1,-1,-1,-1
220,4,114.35,83.54,27.43,61.54,1,-1,-1,-1
220,14,481.89,14.09,13.26,29.39,1,-1,-1,-1
220,23,341.91,12.78,15.12,31.68,1,-1,-1,-1
221,1,454.77,4.98,11.40,35.02,1,-1,-1,-1
221,4,113.92,83.27,27.20,61.67,1,-1,-1,-1
221,14,481.92,14.22,13.32,29.51,1,-1,-1,-1
221,23,340.08,12.98,14.83,31.34,1,-1,-1,-1
222,1,454.57,4.99,11.28,35.06,1,-1,-1,-1
222,4,113.51,83.46,27.00,61.22,1,-1,-1,-1
222,14,482.21,15.62,12.64,27.61,1,-1,-1,-1
222,23,338.90,13.16,14.94,31.57,1,-1,-1,-1
223,1,454.52,4.99,11.16,35.07,1,-1,-1,-1
223,4,113.80,84.72,26.19,59.37,1,-1,-1,-1
223,14,481.88,15.27,12.61,27.87,1,-1,-1,-1
223,23,335.89,10.77,15.26,32.72,1,-1,-1,-1
223,31,490.34,14.02,12.55,27.98,1,-1,-1,-1
224,1,454.33,5.65,10.79,33.75,1,-1,-1,-1
224,4,111.57,78.79,33.28,73.44,1,-1,-1,-1
224,14,482.27,14.50,12.26,26.64,1,-1,-1,-1
224,23,334.54,10.71,15.40,33.04,1,-1,-1,-1
224,29,332.23,11.63,20.03,47.59,1,-1,-1,-1
224,31,489.46,12.51,12.55,27.95,1,-1,-1,-1
225,1,454.92,5.91,10.67,33.24,1,-1,-1,-1
225,4,111.05,78.35,33.81,74.61,1,-1,-1,-1
225,14,482.26,13.52,12.43,26.84,1,-1,-1,-1
225,29,330.48,11.15,20.04,47.88,1,-1,-1,-1
225,31,489.53,11.28,12.62,27.96,1,-1,-1,-1
226,1,455.30,6.67,10.28,31.72,1,-1,-1,-1
226,4,108.42,81.71,29.31,65.50,1,-1,-1,-1
226,14,482.20,13.83,11.95,24.93,1,-1,-1,-1
226,23,332.81,10.93,14.27,30.61,1,-1,-1,-1
226,29,329.47,9.66,20.95,50.69,1,-1,-1,-1
226,31,491.13,11.61,12.39,27.24,1,-1,-1,-1
227,1,455.43,6.83,10.20,31.46,1,-1,-1,-1
227,4,108.04,83.98,26.77,60.34,1,-1,-1,-1
227,14,482.26,13.84,11.81,24.64,1,-1,-1,-1
227,23,330.60,11.67,13.82,29.50,1,-1,-1,-1
227,29,327.86,10.45,20.52,49.70,1,-1,-1,-1
227,31,491.10,11.77,12.09,26.29,1,-1,-1,-1
228,4,107.58,84.72,25.94,58.64,1,-1,-1,-1
228,23,328.91,12.58,13.58,28.46,1,-1,-1,-1
228,29,325.93,11.45,20.48,48.62,1,-1,-1,-1
228,31,491.92,11.84,12.43,26.68,1,-1,-1,-1
229,1,456.81,6.16,10.88,33.57,1,-1,-1,-1
229,4,107.21,84.98,26.12,59.41,1,-1,-1,-1
229,23,327.76,12.24,14.01,29.44,1,-1,-1,-1
229,29,324.94,11.83,19.80,46.86,1,-1,-1,-1
229,31,492.51,12.56,12.59,26.82,1,-1,-1,-1
230,1,457.02,6.07,10.97,33.87,1,-1,-1,-1
230,4,106.62,85.07,26.45,60.36,1,-1,-1,-1
230,23,327.90,12.77,13.77,29.14,1,-1,-1,-1
230,29,324.47,12.64,19.24,45.53,1,-1,-1,-1
230,31,493.22,12.16,13.00,27.57,1,-1,-1,-1
231,1,457.74,6.04,11.00,33.98,1,-1,-1,-1
231,4,106.01,85.09,26.09,60.07,1,-1,-1,-1
231,23,328.04,13.64,12.97,27.02,1,-1,-1,-1
231,29,324.40,13.62,18.98,44.38,1,-1,-1,-1
231,31,493.65,12.03,12.99,27.53,1,-1,-1,-1
232,1,457.44,6.68,10.84,33.36,1,-1,-1,-1
232,4,105.36,85.27,26.02,59.90,1,-1,-1,-1
232,23,325.53,16.01,12.48,25.54,1,-1,-1,-1
232,29,323.16,13.89,18.78,43.91,1,-1,-1,-1
233,1,457.88,6.26,10.97,33.78,1,-1,-1,-1
233,22,404.23,5.01,12.53,25.95,1,-1,-1,-1
233,23,324.34,16.51,12.26,25.08,1,-1,-1,-1
234,1,458.13,6.76,10.83,33.28,1,-1,-1,-1
234,4,102.59,84.24,33.92,76.10,1,-1,-1,-1
234,22,403.67,5.02,13.02,26.59,1,-1,-1,-1
234,31,500.45,12.86,11.93,25.25,1,-1,-1,-1
235,1,458.20,6.95,10.80,33.09,1,-1,-1,-1
235,4,101.54,84.11,35.64,78.50,1,-1,-1,-1
235,22,403.61,5.04,13.05,26.64,1,-1,-1,-1
235,23,322.85,17.06,12.87,25.76,1,-1,-1,-1
235,31,501.46,12.86,11.81,24.99,1,-1,-1,-1
236,1,458.50,6.35,10.88,33.68,1,-1,-1,-1
236,4,99.89,83.41,37.55,81.32,1,-1,-1,-1
236,23,322.36,16.48,12.74,25.16,1,-1,-1,-1
237,1,457.98,6.13,10.86,33.90,1,-1,-1,-1
237,4,98.75,82.50,39.32,84.29,1,-1,-1,-1
237,23,321.21,16.26,13.36,26.30,1,-1,-1,-1
238,1,458.45,6.04,10.80,33.98,1,-1,-1,-1
238,4,98.44,84.05,39.11,82.87,1,-1,-1,-1
238,23,320.21,16.52,13.29,26.17,1,-1,-1,-1
239,1,458.56,6.01,10.91,34.67,1,-1,-1,-1
239,4,97.86,85.32,38.69,80.92,1,-1,-1,-1
239,29,316.35,13.10,19.10,46.78,1,-1,-1,-1
240,1,458.90,6.00,10.98,34.93,1,-1,-1,-1
240,4,96.52,85.81,38.84,80.11,1,-1,-1,-1
240,29,315.92,13.71,18.02,45.62,1,-1,-1,-1
241,1,458.66,5.99,11.09,35.68,1,-1,-1,-1
241,4,95.80,86.65,39.35,79.76,1,-1,-1,-1
241,29,315.00,13.27,17.23,45.19,1,-1,-1,-1
242,1,458.50,5.99,11.26,35.96,1,-1,-1,-1
242,4,94.86,86.96,40.24,80.24,1,-1,-1,-1
242,29,314.27,14.43,16.45,44.37,1,-1,-1,-1
243,1,458.70,5.99,11.44,36.71,1,-1,-1,-1
243,4,94.36,87.72,40.25,79.08,1,-1,-1,-1
243,29,315.11,15.53,15.37,41.40,1,-1,-1,-1
243,31,500.73,10.08,12.97,27.86,1,-1,-1,-1
244,1,458.50,5.99,11.40,36.34,1,-1,-1,-1
244,4,91.37,86.69,41.29,80.58,1,-1,-1,-1
244,23,317.66,15.16,15.18,30.71,1,-1,-1,-1
244,29,314.24,15.80,15.19,40.91,1,-1,-1,-1
244,31,501.05,9.86,13.03,27.99,1,-1,-1,-1
245,1,458.31,5.99,11.59,36.84,1,-1,-1,-1
245,4,89.55,86.29,41.14,79.81,1,-1,-1,-1
245,23,316.93,15.18,15.33,31.02,1,-1,-1,-1
245,29,315.86,16.81,15.02,39.29,1,-1,-1,-1
246,1,457.66,7.30,11.51,36.37,1,-1,-1,-1
246,4,88.97,86.13,40.91,78.82,1,-1,-1,-1
246,23,318.23,15.05,14.56,30.32,1,-1,-1,-1
246,29,315.30,17.16,14.78,38.67,1,-1,-1,-1
247,1,456.91,8.47,11.15,34.86,1,-1,-1,-1
247,4,89.97,91.36,35.14,69.16,1,-1,-1,-1
247,23,319.24,15.02,14.18,29.51,1,-1,-1,-1
248,1,456.60,8.90,11.07,34.28,1,-1,-1,-1
248,4,89.83,92.69,33.40,67.45,1,-1,-1,-1
248,23,318.82,18.32,14.31,30.54,1,-1,-1,-1
248,29,311.20,22.32,12.75,33.58,1,-1,-1,-1
249,1,457.01,10.39,10.65,32.06,1,-1,-1,-1
249,4,89.74,92.45,32.92,68.25,1,-1,-1,-1
249,23,319.78,16.93,13.44,28.32,1,-1,-1,-1
249,29,310.34,23.05,12.31,32.14,1,-1,-1,-1
250,1,456.99,10.79,10.54,31.74,1,-1,-1,-1
250,4,89.31,92.34,32.94,69.90,1,-1,-1,-1
250,23,320.96,20.40,13.57,28.77,1,-1,-1,-1
250,29,309.58,23.96,11.79,30.32,1,-1,-1,-1
251,1,456.34,11.04,10.59,30.28,1,-1,-1,-1
251,4,90.03,93.61,31.25,67.88,1,-1,-1,-1
251,23,321.54,20.31,13.98,30.25,1,-1,-1,-1
251,29,308.72,25.64,11.49,28.33,1,-1,-1,-1
252,1,457.12,9.03,11.55,32.74,1,-1,-1,-1
252,4,90.66,94.74,29.98,66.45,1,-1,-1,-1
252,23,319.51,18.33,17.33,37.28,1,-1,-1,-1
252,29,306.84,23.35,14.67,34.79,1,-1,-1,-1
252,31,500.52,11.83,12.29,27.09,1,-1,-1,-1
253,1,456.31,8.39,12.03,34.18,1,-1,-1,-1
253,4,90.81,94.46,29.72,67.29,1,-1,-1,-1
253,23,319.67,16.99,18.57,40.50,1,-1,-1,-1
253,29,305.92,23.81,14.63,34.69,1,-1,-1,-1
253,31,500.70,11.26,12.46,27.73,1,-1,-1,-1
254,1,455.64,9.43,11.61,32.79,1,-1,-1,-1
254,4,90.39,93.01,29.97,69.61,1,-1,-1,-1
254,23,319.71,16.41,19.16,41.85,1,-1,-1,-1
254,31,500.30,10.42,12.77,29.25,1,-1,-1,-1
255,1,455.36,9.85,11.48,32.24,1,-1,-1,-1
255,4,89.68,91.79,29.87,71.14,1,-1,-1,-1
255,23,319.75,16.16,19.37,42.36,1,-1,-1,-1
255,31,500.34,10.76,12.50,29.16,1,-1,-1,-1
256,1,454.76,8.66,11.78,33.37,1,-1,-1,-1
256,4,90.37,92.63,28.62,69.76,1,-1,-1,-1
256,23,319.79,16.06,19.39,41.89,1,-1,-1,-1
256,31,500.55,10.24,12.65,29.78,1,-1,-1,-1
256,33,324.02,15.00,13.00,29.00,1,-1,-1,-1
257,1,454.10,8.88,12.12,34.44,1,-1,-1,-1
257,4,90.12,90.29,29.22,73.21,1,-1,-1,-1
257,23,320.14,16.02,19.39,41.66,1,-1,-1,-1
257,31,500.77,10.05,12.42,29.35,1,-1,-1,-1
257,33,324.20,15.00,13.00,29.00,1,-1,-1,-1
258,1,453.86,8.96,12.24,34.85,1,-1,-1,-1
258,4,90.89,92.02,27.09,69.29,1,-1,-1,-1
258,23,320.25,16.00,19.42,41.54,1,-1,-1,-1
258,31,500.75,9.98,12.55,29.83,1,-1,-1,-1
259,1,453.79,8.34,12.26,35.01,1,-1,-1,-1
259,4,91.47,92.72,25.74,67.04,1,-1,-1,-1
259,23,320.15,15.35,19.72,42.11,1,-1,-1,-1
259,31,500.64,9.95,12.78,30.66,1,-1,-1,-1
260,1,453.78,8.10,12.25,35.06,1,-1,-1,-1
260,4,91.28,92.29,26.09,68.91,1,-1,-1,-1
260,23,320.04,15.28,20.08,42.86,1,-1,-1,-1
260,31,500.36,9.95,12.70,30.97,1,-1,-1,-1
261,1,454.26,9.33,11.94,33.76,1,-1,-1,-1
261,4,91.41,93.46,24.52,64.98,1,-1,-1,-1
261,29,295.44,35.69,12.43,28.22,1,-1,-1,-1
261,31,500.42,10.60,12.33,30.43,1,-1,-1,-1
262,1,454.04,9.13,12.00,33.92,1,-1,-1,-1
262,4,91.03,98.64,25.48,67.53,1,-1,-1,-1
262,23,322.98,13.37,19.89,43.24,1,-1,-1,-1
262,29,293.85,36.94,13.26,28.67,1,-1,-1,-1
262,31,500.75,10.86,12.23,30.21,1,-1,-1,-1
263,1,454.16,9.72,11.62,32.66,1,-1,-1,-1
263,4,91.11,100.47,25.42,67.78,1,-1,-1,-1
263,23,323.74,13.72,19.35,42.61,1,-1,-1,-1
263,29,292.52,38.01,13.79,28.76,1,-1,-1,-1
263,31,500.88,10.96,12.18,30.12,1,-1,-1,-1
264,1,454.58,10.61,11.40,31.50,1,-1,-1,-1
264,4,91.89,103.12,24.56,65.24,1,-1,-1,-1
264,23,323.82,13.19,19.53,43.71,1,-1,-1,-1
264,29,290.49,38.36,14.47,29.48,1,-1,-1,-1
264,31,500.70,10.33,12.60,31.40,1,-1,-1,-1
265,1,454.59,10.26,11.63,31.76,1,-1,-1,-1
265,4,92.58,104.08,24.17,63.60,1,-1,-1,-1
265,23,324.00,12.98,19.79,44.30,1,-1,-1,-1
265,29,289.26,39.35,14.37,29.28,1,-1,-1,-1
265,31,500.77,10.75,12.49,31.23,1,-1,-1,-1
266,1,454.38,10.13,11.48,31.19,1,-1,-1,-1
266,4,92.78,104.39,24.14,63.02,1,-1,-1,-1
266,31,501.20,10.91,12.29,30.49,1,-1,-1,-1
267,1,453.69,10.08,11.98,32.33,1,-1,-1,-1
267,4,92.80,105.41,23.93,62.47,1,-1,-1,-1
267,31,501.34,10.98,12.27,30.20,1,-1,-1,-1
268,1,453.31,9.40,12.42,33.40,1,-1,-1,-1
268,31,501.47,10.34,12.10,30.09,1,-1,-1,-1
269,1,453.64,9.13,12.30,33.16,1,-1,-1,-1
269,31,501.31,10.10,12.44,31.37,1,-1,-1,-1
270,1,453.57,8.37,12.66,34.39,1,-1,-1,-1
270,4,94.87,102.67,23.73,61.88,1,-1,-1,-1
270,31,501.30,9.36,12.46,31.84,1,-1,-1,-1
270,35,402.03,5.78,12.70,34.22,1,-1,-1,-1
271,1,454.22,8.09,12.74,34.84,1,-1,-1,-1
271,4,95.10,103.10,23.57,61.44,1,-1,-1,-1
271,31,501.49,8.42,12.73,33.32,1,-1,-1,-1
271,35,402.18,6.02,12.63,33.98,1,-1,-1,-1
271,37,441.83,10.00,14.77,32.79,1,-1,-1,-1
272,1,453.57,7.99,12.63,35.01,1,-1,-1,-1
272,23,327.18,13.86,14.81,32.91,1,-1,-1,-1
272,31,501.28,8.07,12.75,33.88,1,-1,-1,-1
272,35,402.60,6.08,12.58,33.92,1,-1,-1,-1
272,37,442.40,10.75,14.55,32.32,1,-1,-1,-1
273,1,453.26,7.95,12.70,35.72,1,-1,-1,-1
273,4,100.37,104.85,22.75,58.36,1,-1,-1,-1
273,23,327.91,13.96,14.09,31.28,1,-1,-1,-1
273,31,501.63,7.94,12.54,33.44,1,-1,-1,-1
273,35,401.99,4.65,13.34,36.07,1,-1,-1,-1
273,37,442.65,11.00,14.44,32.13,1,-1,-1,-1
274,1,453.20,7.94,12.62,35.99,1,-1,-1,-1
274,4,101.64,96.02,24.43,63.51,1,-1,-1,-1
274,23,327.96,13.28,14.17,31.59,1,-1,-1,-1
274,31,501.88,9.21,12.23,32.59,1,-1,-1,-1
274,35,402.02,5.52,13.11,35.45,1,-1,-1,-1
274,37,443.19,12.50,13.50,29.91,1,-1,-1,-1
275,1,452.47,7.29,12.70,36.73,1,-1,-1,-1
275,4,102.42,95.47,24.43,63.50,1,-1,-1,-1
275,23,327.86,13.05,14.44,32.39,1,-1,-1,-1
275,31,501.58,9.05,12.22,32.92,1,-1,-1,-1
275,35,402.26,6.55,12.56,33.81,1,-1,-1,-1
275,37,443.28,12.29,12.66,27.68,1,-1,-1,-1
276,1,452.24,5.74,13.30,38.96,1,-1,-1,-1
276,4,105.16,94.98,24.50,63.89,1,-1,-1,-1
276,23,329.45,15.67,14.64,34.06,1,-1,-1,-1
276,31,502.24,8.99,12.66,34.35,1,-1,-1,-1
276,35,402.32,6.75,12.50,33.66,1,-1,-1,-1
276,37,442.08,10.74,13.41,29.14,1,-1,-1,-1
277,1,452.12,6.44,12.96,38.52,1,-1,-1,-1
277,4,109.59,90.11,21.78,56.57,1,-1,-1,-1
277,23,330.32,16.65,14.81,35.34,1,-1,-1,-1
277,31,502.61,8.97,12.56,34.24,1,-1,-1,-1
277,35,403.02,6.99,12.62,33.91,1,-1,-1,-1
277,37,441.91,10.73,13.24,28.77,1,-1,-1,-1
278,1,452.22,6.73,12.53,37.67,1,-1,-1,-1
278,4,113.19,86.26,21.59,55.95,1,-1,-1,-1
278,23,330.89,16.35,15.01,36.49,1,-1,-1,-1
278,31,502.97,9.62,12.09,32.87,1,-1,-1,-1
278,35,403.17,7.20,12.59,33.82,1,-1,-1,-1
278,37,434.20,9.33,13.94,30.51,1,-1,-1,-1
279,1,452.30,6.86,12.29,37.32,1,-1,-1,-1
279,4,116.51,85.65,21.35,54.40,1,-1,-1,-1
279,23,330.33,14.92,15.97,39.54,1,-1,-1,-1
279,31,503.48,9.87,11.81,32.32,1,-1,-1,-1
279,37,432.18,9.04,14.19,31.50,1,-1,-1,-1
280,1,452.38,6.91,12.13,37.18,1,-1,-1,-1
280,4,119.08,85.49,20.44,50.47,1,-1,-1,-1
280,23,330.56,15.00,16.06,40.69,1,-1,-1,-1
280,31,503.30,9.97,11.77,32.12,1,-1,-1,-1
280,37,430.75,8.81,14.23,31.60,1,-1,-1,-1
281,1,452.44,7.59,12.01,37.12,1,-1,-1,-1
281,4,120.54,86.20,20.95,49.08,1,-1,-1,-1
281,23,331.21,15.04,15.58,40.48,1,-1,-1,-1
281,31,502.94,10.00,11.67,32.04,1,-1,-1,-1
282,1,452.49,7.85,11.90,37.09,1,-1,-1,-1
282,4,120.58,86.48,21.94,49.32,1,-1,-1,-1
282,23,331.55,15.04,15.19,40.37,1,-1,-1,-1
282,31,502.82,10.01,11.60,32.01,1,-1,-1,-1
282,40,595.31,33.00,11.37,34.02,1,-1,-1,-1
283,1,452.54,7.95,11.81,37.08,1,-1,-1,-1
283,4,123.84,85.25,27.20,56.89,1,-1,-1,-1
283,23,331.76,15.04,14.86,40.31,1,-1,-1,-1
283,29,270.48,28.20,19.94,43.88,1,-1,-1,-1
283,31,502.58,9.35,11.95,33.33,1,-1,-1,-1
283,35,403.27,6.13,13.48,36.79,1,-1,-1,-1
283,40,595.67,33.00,11.37,34.05,1,-1,-1,-1
284,1,452.40,8.65,11.46,36.41,1,-1,-1,-1
284,4,125.97,84.48,27.25,57.01,1,-1,-1,-1
284,23,332.18,14.39,14.67,40.92,1,-1,-1,-1
284,29,269.78,27.29,19.47,45.42,1,-1,-1,-1
284,31,502.42,9.11,12.21,34.47,1,-1,-1,-1
284,35,403.25,5.38,13.59,37.68,1,-1,-1,-1
284,40,595.64,33.73,10.94,32.58,1,-1,-1,-1
285,1,452.09,8.91,11.16,35.48,1,-1,-1,-1
285,4,126.24,86.99,30.64,60.09,1,-1,-1,-1
285,23,332.24,14.13,14.78,41.79,1,-1,-1,-1
285,29,269.27,26.92,19.15,47.31,1,-1,-1,-1
285,31,502.40,8.36,12.23,34.90,1,-1,-1,-1
285,35,403.95,5.11,13.51,37.99,1,-1,-1,-1
285,37,426.73,7.98,14.12,32.01,1,-1,-1,-1
285,40,595.55,33.25,10.96,32.80,1,-1,-1,-1
286,1,451.89,9.01,11.23,35.80,1,-1,-1,-1
286,4,128.27,86.56,30.86,60.51,1,-1,-1,-1
286,23,332.88,14.69,14.22,40.81,1,-1,-1,-1
286,29,269.07,26.78,18.45,48.06,1,-1,-1,-1
286,31,503.18,8.08,11.97,34.41,1,-1,-1,-1
286,35,403.80,4.36,13.67,39.40,1,-1,-1,-1
286,37,426.10,7.93,14.27,33.41,1,-1,-1,-1
286,40,595.54,33.29,10.90,32.62,1,-1,-1,-1
287,1,452.12,8.38,11.33,36.58,1,-1,-1,-1
287,23,333.27,15.56,13.69,39.74,1,-1,-1,-1
287,29,268.48,28.01,17.34,46.43,1,-1,-1,-1
287,31,503.60,8.63,11.63,33.55,1,-1,-1,-1
287,35,403.73,4.07,13.74,40.58,1,-1,-1,-1
287,37,424.97,7.75,14.37,33.63,1,-1,-1,-1
287,40,595.09,33.88,10.99,32.90,1,-1,-1,-1
288,1,452.53,8.14,11.37,36.88,1,-1,-1,-1
288,4,126.12,79.26,36.22,69.42,1,-1,-1,-1
288,23,334.20,15.89,13.21,38.65,1,-1,-1,-1
288,29,267.45,27.65,17.59,47.09,1,-1,-1,-1
288,31,504.15,9.51,11.37,32.55,1,-1,-1,-1
288,35,404.24,4.61,13.32,39.73,1,-1,-1,-1
288,40,594.96,32.61,11.77,35.73,1,-1,-1,-1
289,1,452.60,8.70,10.92,35.67,1,-1,-1,-1
289,4,125.59,78.09,37.62,70.20,1,-1,-1,-1
289,23,334.47,15.34,13.16,38.91,1,-1,-1,-1
289,31,504.72,9.85,11.22,32.17,1,-1,-1,-1
289,35,404.29,4.83,12.80,38.72,1,-1,-1,-1
289,37,426.19,7.90,13.47,32.34,1,-1,-1,-1
289,40,594.70,32.84,11.80,36.03,1,-1,-1,-1
290,1,452.65,8.92,10.71,35.21,1,-1,-1,-1
290,4,125.41,75.74,39.30,73.04,1,-1,-1,-1
290,23,335.25,15.14,13.08,39.00,1,-1,-1,-1
290,31,505.02,9.97,10.96,31.37,1,-1,-1,-1
290,35,404.35,4.92,12.51,38.32,1,-1,-1,-1
290,37,425.37,7.76,13.49,32.40,1,-1,-1,-1
290,40,594.72,32.93,11.58,35.47,1,-1,-1,-1
291,1,452.60,8.33,10.77,35.70,1,-1,-1,-1
291,4,125.21,76.13,39.49,72.20,1,-1,-1,-1
291,23,335.47,15.06,13.18,39.69,1,-1,-1,-1
291,31,504.84,10.01,10.76,30.40,1,-1,-1,-1
291,35,404.31,4.29,12.50,38.82,1,-1,-1,-1
291,40,594.61,32.90,11.66,35.70,1,-1,-1,-1
292,1,452.89,8.11,10.84,35.89,1,-1,-1,-1
292,4,124.47,75.69,40.10,73.10,1,-1,-1,-1
292,23,335.49,15.68,12.67,38.64,1,-1,-1,-1
292,31,505.21,10.02,10.47,29.37,1,-1,-1,-1
292,35,404.36,4.18,12.56,39.02,1,-1,-1,-1
293,1,452.71,8.03,10.78,35.96,1,-1,-1,-1
293,4,123.97,74.91,40.67,74.06,1,-1,-1,-1
293,23,335.80,15.26,13.15,40.89,1,-1,-1,-1
293,31,505.51,10.03,10.71,29.69,1,-1,-1,-1
293,35,405.12,4.79,12.41,39.05,1,-1,-1,-1
293,40,594.02,32.13,11.20,34.33,1,-1,-1,-1
294,1,453.24,8.00,10.90,35.99,1,-1,-1,-1
294,4,124.39,77.22,37.64,69.87,1,-1,-1,-1
294,23,336.08,15.75,12.99,41.06,1,-1,-1,-1
294,31,505.68,9.36,10.66,29.14,1,-1,-1,-1
294,35,405.26,4.25,12.45,39.75,1,-1,-1,-1
294,40,593.87,32.03,11.21,34.37,1,-1,-1,-1
295,1,453.32,7.33,11.18,36.66,1,-1,-1,-1
295,4,124.08,77.53,36.60,69.48,1,-1,-1,-1
295,23,336.23,15.94,12.82,41.11,1,-1,-1,-1
295,31,506.37,9.10,10.72,28.95,1,-1,-1,-1
295,35,405.81,4.71,12.13,38.68,1,-1,-1,-1
296,1,453.33,7.08,11.32,36.91,1,-1,-1,-1
296,4,124.03,77.66,35.38,68.66,1,-1,-1,-1
296,23,335.67,16.01,12.65,41.12,1,-1,-1,-1
296,31,506.86,9.01,10.93,29.56,1,-1,-1,-1
296,35,405.82,5.56,11.73,37.60,1,-1,-1,-1
297,1,453.31,7.64,11.41,37.00,1,-1,-1,-1
297,4,124.49,79.05,33.24,65.69,1,-1,-1,-1
297,23,336.15,16.03,12.49,41.12,1,-1,-1,-1
297,31,507.13,8.98,10.80,29.13,1,-1,-1,-1
297,35,405.83,5.87,11.54,37.19,1,-1,-1,-1
297,37,420.72,7.95,14.42,35.86,1,-1,-1,-1
298,1,453.65,7.86,11.40,36.38,1,-1,-1,-1
298,4,124.49,78.26,33.40,67.23,1,-1,-1,-1
298,23,336.45,16.70,12.18,40.45,1,-1,-1,-1
298,31,507.67,7.64,11.19,30.31,1,-1,-1,-1
298,35,406.22,5.99,11.37,36.37,1,-1,-1,-1
298,37,419.97,7.90,14.54,36.15,1,-1,-1,-1
299,1,453.65,7.28,11.66,36.80,1,-1,-1,-1
299,4,125.03,77.32,33.02,67.79,1,-1,-1,-1
299,23,336.50,16.95,12.17,40.85,1,-1,-1,-1
299,31,508.08,7.80,10.90,29.44,1,-1,-1,-1
299,35,406.91,6.03,11.53,36.74,1,-1,-1,-1
299,37,418.79,9.52,13.13,33.00,1,-1,-1,-1
300,1,454.82,7.73,11.38,35.64,1,-1,-1,-1
300,4,123.90,75.66,34.84,73.27,1,-1,-1,-1
300,23,337.12,16.38,12.27,41.65,1,-1,-1,-1
300,31,508.11,7.21,11.01,29.77,1,-1,-1,-1
300,35,406.87,6.04,11.51,36.88,1,-1,-1,-1
300,37,417.69,9.88,12.96,33.00,1,-1,-1,-1
301,1,455.24,7.90,11.32,35.19,1,-1,-1,-1
301,4,124.22,76.32,34.04,73.38,1,-1,-1,-1
301,23,337.55,16.81,11.89,40.64,1,-1,-1,-1
301,31,508.22,7.00,10.84,29.23,1,-1,-1,-1
301,35,407.61,6.70,11.30,36.27,1,-1,-1,-1
301,37,416.85,10.01,12.95,32.98,1,-1,-1,-1
302,1,455.95,7.30,11.52,35.69,1,-1,-1,-1
302,4,124.26,75.32,34.50,76.64,1,-1,-1,-1
302,23,338.50,18.97,10.82,36.26,1,-1,-1,-1
302,31,508.97,6.26,11.33,31.03,1,-1,-1,-1
302,35,407.24,6.28,11.84,38.05,1,-1,-1,-1
302,37,417.26,10.81,12.82,32.99,1,-1,-1,-1
302,42,359.28,3.00,11.63,28.98,1,-1,-1,-1
303,1,456.83,9.06,10.99,33.24,1,-1,-1,-1
303,4,124.17,74.30,34.23,78.51,1,-1,-1,-1
303,23,338.72,20.48,10.67,35.26,1,-1,-1,-1
303,31,508.94,6.64,10.81,29.75,1,-1,-1,-1
303,35,407.00,6.78,11.59,37.40,1,-1,-1,-1
303,37,417.10,9.65,13.14,34.35,1,-1,-1,-1
303,42,359.37,3.00,11.96,29.72,1,-1,-1,-1
304,1,457.68,9.06,11.10,32.98,1,-1,-1,-1
304,4,124.91,75.21,32.55,76.62,1,-1,-1,-1
304,23,339.86,18.26,11.87,37.65,1,-1,-1,-1
304,31,508.82,6.81,10.78,29.90,1,-1,-1,-1
304,35,407.20,6.97,11.56,37.14,1,-1,-1,-1
304,37,417.66,9.90,12.67,32.86,1,-1,-1,-1
304,42,359.26,3.00,12.02,29.87,1,-1,-1,-1
305,1,458.30,9.06,11.16,32.89,1,-1,-1,-1
305,4,125.16,75.60,31.30,75.17,1,-1,-1,-1
305,23,340.03,17.48,12.77,38.50,1,-1,-1,-1
305,31,508.79,7.54,10.72,29.95,1,-1,-1,-1
305,35,406.97,6.37,11.48,37.04,1,-1,-1,-1
305,37,417.68,9.32,12.95,33.61,1,-1,-1,-1
305,42,359.31,3.85,11.43,28.30,1,-1,-1,-1
306,1,458.68,8.39,11.52,33.54,1,-1,-1,-1
306,4,124.89,74.44,30.88,75.91,1,-1,-1,-1
306,23,340.74,19.80,11.78,34.89,1,-1,-1,-1
306,31,508.41,7.82,10.75,29.97,1,-1,-1,-1
306,35,406.42,6.14,11.69,37.66,1,-1,-1,-1
306,37,415.33,7.79,15.17,38.49,1,-1,-1,-1
306,42,359.03,3.28,11.90,29.48,1,-1,-1,-1
307,1,458.86,8.80,11.53,33.13,1,-1,-1,-1
307,4,125.10,74.67,30.09,75.51,1,-1,-1,-1
307,23,342.22,20.71,11.67,34.15,1,-1,-1,-1
307,29,265.46,30.85,21.57,61.97,1,-1,-1,-1
307,31,508.81,7.93,10.98,30.64,1,-1,-1,-1
307,35,406.95,6.71,11.61,37.24,1,-1,-1,-1
307,37,414.36,7.23,16.18,40.28,1,-1,-1,-1
307,42,359.06,3.10,11.79,29.17,1,-1,-1,-1
308,1,458.96,8.95,11.43,32.31,1,-1,-1,-1
308,4,124.74,74.11,30.00,76.66,1,-1,-1,-1
308,23,343.63,17.64,13.19,37.97,1,-1,-1,-1
308,29,265.27,30.99,21.84,62.74,1,-1,-1,-1
308,31,508.99,7.92,11.00,30.70,1,-1,-1,-1
308,35,406.85,6.93,11.53,36.42,1,-1,-1,-1
308,37,413.97,6.37,17.27,42.26,1,-1,-1,-1
308,42,358.65,3.03,11.94,29.73,1,-1,-1,-1
309,1,459.04,9.68,11.28,31.34,1,-1,-1,-1
309,4,124.96,74.57,29.26,76.42,1,-1,-1,-1
309,23,344.80,15.27,14.33,41.24,1,-1,-1,-1
309,31,509.12,7.98,10.84,30.17,1,-1,-1,-1
309,35,407.24,7.68,11.31,35.44,1,-1,-1,-1
309,37,413.77,6.04,17.83,43.03,1,-1,-1,-1
309,42,358.94,3.01,11.78,29.27,1,-1,-1,-1
310,1,459.56,9.27,11.56,32.35,1,-1,-1,-1
310,4,125.17,76.08,28.06,73.67,1,-1,-1,-1
310,23,345.69,14.98,14.50,41.25,1,-1,-1,-1
310,31,508.84,7.31,11.44,32.09,1,-1,-1,-1
310,35,407.26,7.28,11.45,35.75,1,-1,-1,-1
310,37,413.31,5.28,18.84,45.22,1,-1,-1,-1
310,42,358.86,2.99,11.78,29.26,1,-1,-1,-1
311,1,459.94,7.80,11.91,33.37,1,-1,-1,-1
311,4,125.34,77.33,26.76,70.59,1,-1,-1,-1
311,23,346.50,14.65,14.64,41.66,1,-1,-1,-1
311,31,508.40,7.08,11.70,32.75,1,-1,-1,-1
311,35,406.79,7.13,11.81,36.53,1,-1,-1,-1
311,37,413.87,5.62,19.05,45.42,1,-1,-1,-1
312,1,460.18,7.90,11.84,33.11,1,-1,-1,-1
312,4,125.52,77.80,26.72,70.12,1,-1,-1,-1
312,31,508.50,7.00,11.91,33.65,1,-1,-1,-1
312,35,407.13,8.38,11.55,35.51,1,-1,-1,-1
312,37,414.47,6.42,19.06,44.82,1,-1,-1,-1
313,1,460.52,7.28,11.93,33.68,1,-1,-1,-1
313,4,125.63,80.65,25.27,65.28,1,-1,-1,-1
313,23,349.34,20.65,12.34,35.42,1,-1,-1,-1
313,31,508.56,6.97,11.93,33.99,1,-1,-1,-1
313,35,407.73,7.53,11.85,36.46,1,-1,-1,-1
313,37,415.05,6.74,19.04,43.89,1,-1,-1,-1
314,1,460.49,7.70,11.61,32.58,1,-1,-1,-1
314,4,125.63,82.40,24.14,61.40,1,-1,-1,-1
314,23,350.12,21.70,11.97,35.06,1,-1,-1,-1
314,31,509.08,7.61,11.59,32.80,1,-1,-1,-1
314,35,408.42,7.87,11.69,36.15,1,-1,-1,-1
314,37,415.82,7.52,18.63,42.20,1,-1,-1,-1
315,1,460.44,7.88,11.51,32.15,1,-1,-1,-1
315,4,125.69,83.00,24.31,61.44,1,-1,-1,-1
315,23,350.64,22.70,11.34,33.59,1,-1,-1,-1
315,29,276.21,32.94,21.31,61.39,1,-1,-1,-1
315,31,509.45,7.86,11.09,31.00,1,-1,-1,-1
315,35,409.44,7.99,11.40,35.37,1,-1,-1,-1
315,37,415.66,7.83,18.72,41.53,1,-1,-1,-1
316,1,460.40,7.94,11.51,32.00,1,-1,-1,-1
316,4,122.14,78.46,29.51,72.31,1,-1,-1,-1
316,23,352.07,10.09,14.67,42.61,1,-1,-1,-1
316,29,278.63,35.89,19.95,56.92,1,-1,-1,-1
316,31,509.56,7.96,10.97,30.32,1,-1,-1,-1
316,35,410.02,7.37,11.56,36.41,1,-1,-1,-1
316,37,415.53,7.94,18.90,40.60,1,-1,-1,-1
317,1,460.66,7.91,11.45,31.85,1,-1,-1,-1
317,4,119.86,77.51,32.12,76.73,1,-1,-1,-1
317,23,352.76,5.87,16.07,46.23,1,-1,-1,-1
317,29,279.52,36.38,19.88,56.72,1,-1,-1,-1
317,31,509.70,7.98,10.93,30.21,1,-1,-1,-1
317,35,410.34,7.40,11.56,36.42,1,-1,-1,-1
317,37,415.21,7.99,19.52,40.91,1,-1,-1,-1
318,4,117.83,77.76,33.50,77.90,1,-1,-1,-1
318,23,353.61,4.11,16.71,48.38,1,-1,-1,-1
318,37,415.48,8.66,19.64,40.36,1,-1,-1,-1
319,4,116.41,76.57,34.63,78.97,1,-1,-1,-1
319,23,355.66,3.45,16.62,48.59,1,-1,-1,-1
319,37,415.07,8.92,20.05,40.81,1,-1,-1,-1
320,4,116.48,76.12,35.17,78.70,1,-1,-1,-1
320,23,357.68,3.26,16.68,49.26,1,-1,-1,-1
320,35,411.26,5.29,12.37,39.59,1,-1,-1,-1
320,37,414.44,8.35,20.49,41.63,1,-1,-1,-1
321,1,464.44,11.65,10.67,28.27,1,-1,-1,-1
321,4,116.76,76.60,35.55,77.90,1,-1,-1,-1
321,23,359.22,2.59,16.39,49.48,1,-1,-1,-1
321,29,288.35,45.41,20.36,56.92,1,-1,-1,-1
321,31,509.70,8.01,10.71,29.06,1,-1,-1,-1
321,35,411.44,5.04,12.31,39.96,1,-1,-1,-1
321,37,414.34,7.48,21.04,42.59,1,-1,-1,-1
322,1,464.47,10.55,11.19,28.68,1,-1,-1,-1
322,4,116.43,76.80,35.96,77.56,1,-1,-1,-1
322,23,359.88,2.38,16.09,49.53,1,-1,-1,-1
322,29,289.79,46.61,20.33,56.82,1,-1,-1,-1
322,31,509.92,8.01,10.93,29.67,1,-1,-1,-1
322,35,411.71,5.60,11.87,38.79,1,-1,-1,-1
322,37,413.36,6.49,21.85,44.26,1,-1,-1,-1
322,40,515.06,13.06,9.43,27.03,1,-1,-1,-1
323,1,464.18,10.23,11.97,30.13,1,-1,-1,-1
323,4,116.35,76.88,36.68,77.41,1,-1,-1,-1
323,23,360.64,2.34,15.52,48.87,1,-1,-1,-1
323,29,294.60,50.35,19.32,50.57,1,-1,-1,-1
323,31,513.12,11.32,10.71,28.53,1,-1,-1,-1
323,35,411.99,6.49,11.32,37.00,1,-1,-1,-1
323,37,413.26,6.76,21.59,43.60,1,-1,-1,-1
323,40,512.07,12.34,9.33,26.75,1,-1,-1,-1
324,1,463.58,8.80,13.23,33.29,1,-1,-1,-1
324,4,116.00,77.57,37.63,77.98,1,-1,-1,-1
324,23,361.64,1.22,15.77,49.65,1,-1,-1,-1
324,29,296.48,51.81,19.03,49.82,1,-1,-1,-1
324,31,514.18,11.91,10.93,28.78,1,-1,-1,-1
324,35,412.27,6.48,11.31,36.97,1,-1,-1,-1
324,37,414.19,7.54,20.89,41.34,1,-1,-1,-1
325,1,463.45,8.90,13.51,33.84,1,-1,-1,-1
325,4,115.70,77.84,38.34,78.18,1,-1,-1,-1
325,29,303.13,49.79,19.43,50.64,1,-1,-1,-1
325,31,514.69,12.11,11.39,29.54,1,-1,-1,-1
325,37,414.13,7.51,20.91,41.39,1,-1,-1,-1
326,1,464.01,9.59,13.64,33.40,1,-1,-1,-1
326,4,114.89,77.94,39.37,79.55,1,-1,-1,-1
326,29,305.59,50.83,19.22,50.08,1,-1,-1,-1
326,31,514.93,12.17,11.44,29.17,1,-1,-1,-1
326,37,414.24,7.10,21.31,41.09,1,-1,-1,-1
326,40,509.56,9.09,10.73,30.62,1,-1,-1,-1
327,1,464.53,9.86,13.72,33.22,1,-1,-1,-1
327,4,114.21,77.98,39.85,80.05,1,-1,-1,-1
327,31,514.50,12.84,11.12,27.70,1,-1,-1,-1
327,37,414.63,7.69,20.68,39.00,1,-1,-1,-1
327,40,507.39,8.23,10.84,30.94,1,-1,-1,-1
328,1,464.67,9.97,13.83,33.14,1,-1,-1,-1
328,4,113.76,76.69,40.42,80.88,1,-1,-1,-1
328,29,312.38,38.32,19.52,53.31,1,-1,-1,-1
328,31,515.37,12.40,11.58,28.50,1,-1,-1,-1
328,37,414.75,8.58,20.47,38.25,1,-1,-1,-1
329,1,464.91,10.66,13.48,31.79,1,-1,-1,-1
329,4,113.42,76.85,40.99,81.82,1,-1,-1,-1
329,29,315.68,44.62,19.82,53.08,1,-1,-1,-1
329,31,515.52,11.57,12.05,29.45,1,-1,-1,-1
329,37,414.61,8.90,20.09,37.32,1,-1,-1,-1
330,1,465.60,10.93,13.44,31.26,1,-1,-1,-1
330,4,113.56,77.57,41.35,82.16,1,-1,-1,-1
330,23,367.40,9.88,11.66,36.31,1,-1,-1,-1
330,29,319.71,38.96,20.08,54.32,1,-1,-1,-1
330,31,515.92,11.25,12.17,29.81,1,-1,-1,-1
330,37,413.95,9.01,19.82,36.98,1,-1,-1,-1
331,1,466.16,12.35,12.80,29.07,1,-1,-1,-1
331,4,114.09,78.50,41.20,81.61,1,-1,-1,-1
331,23,368.12,9.98,11.81,36.73,1,-1,-1,-1
331,29,323.15,35.55,20.08,54.78,1,-1,-1,-1
331,31,516.44,11.12,12.10,29.95,1,-1,-1,-1
331,35,432.59,9.84,9.23,28.38,1,-1,-1,-1
331,37,414.71,9.72,19.07,35.53,1,-1,-1,-1
332,1,466.02,12.20,13.22,29.61,1,-1,-1,-1
332,4,114.13,78.20,41.47,82.04,1,-1,-1,-1
332,23,369.05,10.01,11.83,36.77,1,-1,-1,-1
332,29,325.98,34.92,20.12,54.96,1,-1,-1,-1
332,31,516.93,10.41,12.11,30.00,1,-1,-1,-1
332,35,434.34,10.10,9.01,27.69,1,-1,-1,-1
332,37,414.84,9.98,19.12,35.69,1,-1,-1,-1
332,42,372.27,19.91,13.28,33.97,1,-1,-1,-1
333,1,466.58,12.14,13.46,29.80,1,-1,-1,-1
333,4,113.86,78.74,42.16,83.49,1,-1,-1,-1
333,23,370.40,10.02,11.79,36.12,1,-1,-1,-1
333,29,330.75,36.68,18.44,49.76,1,-1,-1,-1
333,31,516.76,8.82,12.79,31.99,1,-1,-1,-1
333,37,414.35,10.06,19.54,36.43,1,-1,-1,-1
333,42,372.86,20.66,13.37,34.19,1,-1,-1,-1
334,1,467.12,11.45,13.54,29.88,1,-1,-1,-1
334,4,113.39,78.94,42.49,84.03,1,-1,-1,-1
334,23,371.44,10.07,11.65,35.68,1,-1,-1,-1
334,29,333.85,36.18,18.27,49.30,1,-1,-1,-1
334,31,517.70,10.16,12.31,30.81,1,-1,-1,-1
334,35,434.97,10.06,9.59,28.72,1,-1,-1,-1
334,37,414.26,10.09,19.51,36.72,1,-1,-1,-1
335,1,467.58,11.18,13.69,29.92,1,-1,-1,-1
335,4,113.44,79.02,42.83,84.87,1,-1,-1,-1
335,31,518.05,11.37,12.12,30.31,1,-1,-1,-1
335,35,434.42,11.45,9.80,28.79,1,-1,-1,-1
335,37,414.12,9.43,19.72,37.50,1,-1,-1,-1
336,1,468.49,12.40,13.57,29.27,1,-1,-1,-1
336,4,113.49,79.04,43.55,86.47,1,-1,-1,-1
336,29,340.44,35.89,21.43,56.66,1,-1,-1,-1
336,31,518.71,12.49,12.27,30.79,1,-1,-1,-1
336,35,435.60,11.80,9.69,28.45,1,-1,-1,-1
336,37,414.07,9.50,19.67,37.41,1,-1,-1,-1
337,1,468.98,12.58,13.49,29.11,1,-1,-1,-1
337,4,113.77,79.05,43.96,87.72,1,-1,-1,-1
337,23,377.24,23.66,10.09,30.40,1,-1,-1,-1
337,29,342.74,35.16,22.15,58.33,1,-1,-1,-1
337,31,519.35,13.55,12.18,30.30,1,-1,-1,-1
337,37,414.26,8.35,20.97,40.19,1,-1,-1,-1
337,44,578.14,35.73,17.52,50.03,1,-1,-1,-1
337,46,430.25,13.00,18.49,46.02,1,-1,-1,-1
338,4,113.84,79.05,44.18,88.17,1,-1,-1,-1
338,23,378.60,25.27,9.79,29.50,1,-1,-1,-1
338,29,345.82,34.71,22.36,58.89,1,-1,-1,-1
338,31,519.70,12.63,12.55,31.44,1,-1,-1,-1
338,37,415.29,8.10,20.57,39.48,1,-1,-1,-1
338,44,577.43,35.92,17.74,50.85,1,-1,-1,-1
338,46,435.31,13.76,18.20,45.29,1,-1,-1,-1
339,4,113.74,79.04,44.53,88.97,1,-1,-1,-1
339,29,348.85,33.30,22.39,59.11,1,-1,-1,-1
339,31,520.49,12.28,12.65,31.86,1,-1,-1,-1
339,37,417.64,8.01,18.49,36.56,1,-1,-1,-1
339,44,575.88,36.71,17.51,50.37,1,-1,-1,-1
339,46,431.43,14.75,18.04,44.30,1,-1,-1,-1
339,48,584.12,35.01,8.76,31.13,1,-1,-1,-1
340,4,113.30,78.39,44.80,89.90,1,-1,-1,-1
340,23,381.28,23.59,10.31,29.75,1,-1,-1,-1
340,29,351.86,33.58,22.42,58.54,1,-1,-1,-1
340,31,520.80,11.48,12.64,32.02,1,-1,-1,-1
340,37,418.50,7.30,17.75,36.12,1,-1,-1,-1
340,44,574.99,36.27,17.42,50.18,1,-1,-1,-1
340,46,436.46,14.33,18.24,44.71,1,-1,-1,-1
340,48,583.69,35.83,8.79,30.81,1,-1,-1,-1
341,4,113.19,78.13,44.79,90.23,1,-1,-1,-1
341,23,382.67,24.59,10.09,29.11,1,-1,-1,-1
341,29,353.63,32.38,23.58,61.62,1,-1,-1,-1
341,31,521.18,10.52,12.73,32.72,1,-1,-1,-1
341,37,418.81,7.16,17.64,35.91,1,-1,-1,-1
341,44,573.90,35.41,17.59,50.80,1,-1,-1,-1
341,46,438.96,15.58,18.08,44.16,1,-1,-1,-1
341,48,583.31,36.06,8.56,29.25,1,-1,-1,-1
342,4,113.71,78.69,44.31,89.67,1,-1,-1,-1
342,29,355.12,30.66,24.83,65.32,1,-1,-1,-1
342,31,521.14,9.50,13.09,34.29,1,-1,-1,-1
342,44,573.23,35.31,17.68,51.04,1,-1,-1,-1
342,46,439.51,14.62,18.58,45.36,1,-1,-1,-1
342,48,583.16,36.43,8.26,28.22,1,-1,-1,-1
343,4,113.59,78.90,43.45,88.12,1,-1,-1,-1
343,29,357.93,30.01,25.20,66.30,1,-1,-1,-1
343,31,521.35,7.83,13.40,35.52,1,-1,-1,-1
343,37,420.19,6.13,17.36,36.78,1,-1,-1,-1
343,42,382.07,12.51,12.69,32.14,1,-1,-1,-1
343,46,440.57,12.24,19.64,48.50,1,-1,-1,-1
343,48,582.69,36.11,8.63,28.76,1,-1,-1,-1
344,1,477.38,13.99,11.86,25.12,1,-1,-1,-1
344,4,113.39,78.98,43.43,88.82,1,-1,-1,-1
344,31,521.88,8.47,12.60,33.42,1,-1,-1,-1
344,37,420.92,5.29,16.98,37.58,1,-1,-1,-1
344,42,384.24,12.06,12.54,30.58,1,-1,-1,-1
344,46,441.73,12.01,19.08,47.68,1,-1,-1,-1
344,48,582.49,36.32,8.42,28.07,1,-1,-1,-1
345,1,476.70,14.05,12.49,26.38,1,-1,-1,-1
345,4,113.27,79.01,43.50,89.73,1,-1,-1,-1
345,31,524.56,9.41,11.95,31.88,1,-1,-1,-1
345,37,421.27,5.00,16.99,37.60,1,-1,-1,-1
345,42,385.22,11.75,12.45,30.36,1,-1,-1,-1
345,46,442.29,11.94,18.48,46.66,1,-1,-1,-1
345,48,581.41,37.76,8.49,27.06,1,-1,-1,-1
346,1,476.93,14.08,12.56,26.06,1,-1,-1,-1
346,4,113.51,79.68,42.96,88.75,1,-1,-1,-1
346,31,525.55,9.77,11.67,31.30,1,-1,-1,-1
346,37,425.20,8.04,15.86,35.58,1,-1,-1,-1
346,46,443.28,12.59,17.91,45.59,1,-1,-1,-1
346,48,581.10,38.18,8.25,26.32,1,-1,-1,-1
347,1,476.66,13.41,13.24,27.96,1,-1,-1,-1
347,4,113.59,79.93,42.80,89.02,1,-1,-1,-1
347,29,373.79,30.62,23.68,62.88,1,-1,-1,-1
347,31,526.08,10.57,11.85,31.76,1,-1,-1,-1
347,37,425.65,7.34,15.89,36.50,1,-1,-1,-1
347,46,445.28,12.17,13.66,33.76,1,-1,-1,-1
347,48,581.22,38.10,8.32,25.10,1,-1,-1,-1
348,1,476.61,13.16,13.37,28.65,1,-1,-1,-1
348,4,113.84,80.02,42.94,89.77,1,-1,-1,-1
348,29,376.64,30.06,24.63,66.61,1,-1,-1,-1
348,31,526.37,10.87,11.71,31.27,1,-1,-1,-1
348,35,444.46,12.05,16.11,46.70,1,-1,-1,-1
348,37,426.29,7.10,15.57,36.81,1,-1,-1,-1
348,42,389.97,10.08,12.61,31.77,1,-1,-1,-1
348,46,446.56,12.04,13.06,32.27,1,-1,-1,-1
348,48,579.84,38.13,8.92,25.51,1,-1,-1,-1
349,1,476.36,12.41,13.83,30.22,1,-1,-1,-1
349,4,113.49,80.05,43.24,90.70,1,-1,-1,-1
349,29,381.00,43.52,20.84,54.78,1,-1,-1,-1
349,31,526.33,10.31,11.89,31.74,1,-1,-1,-1
349,35,444.97,12.63,16.54,46.80,1,-1,-1,-1
349,37,426.00,7.02,15.82,38.24,1,-1,-1,-1
349,40,521.76,8.84,11.48,32.05,1,-1,-1,-1
349,42,391.13,9.69,12.61,31.78,1,-1,-1,-1
349,48,578.77,38.82,9.00,24.28,1,-1,-1,-1
350,1,476.20,11.48,14.12,31.46,1,-1,-1,-1
350,4,113.53,80.06,43.01,90.38,1,-1,-1,-1
350,29,381.25,34.94,23.01,61.15,1,-1,-1,-1
350,31,523.38,9.45,11.84,31.26,1,-1,-1,-1
350,35,444.29,12.90,17.13,46.71,1,-1,-1,-1
350,37,426.97,7.64,15.03,36.83,1,-1,-1,-1
350,40,525.89,9.69,11.61,32.03,1,-1,-1,-1
350,42,391.54,9.85,12.37,31.96,1,-1,-1,-1
350,48,577.07,39.05,9.61,24.56,1,-1,-1,-1
351,1,476.43,12.40,13.59,30.65,1,-1,-1,-1
351,4,113.02,80.06,43.31,91.56,1,-1,-1,-1
351,29,384.13,34.74,23.12,61.46,1,-1,-1,-1
351,31,522.69,9.12,11.58,30.41,1,-1,-1,-1
351,35,444.05,13.64,17.22,45.37,1,-1,-1,-1
351,37,426.80,7.22,14.42,36.27,1,-1,-1,-1
351,40,527.06,10.61,11.69,32.02,1,-1,-1,-1
351,42,392.60,9.52,12.38,31.98,1,-1,-1,-1
351,48,576.53,39.39,9.39,23.99,1,-1,-1,-1
352,1,477.33,12.78,13.06,29.65,1,-1,-1,-1
352,4,113.02,78.74,44.34,94.62,1,-1,-1,-1
352,29,384.03,29.49,25.12,68.13,1,-1,-1,-1
352,31,522.12,9.00,11.42,30.09,1,-1,-1,-1
352,35,444.07,13.93,17.60,44.80,1,-1,-1,-1
352,37,427.31,7.73,13.67,35.39,1,-1,-1,-1
352,40,527.26,9.60,12.11,33.37,1,-1,-1,-1
353,1,477.68,12.78,13.12,29.79,1,-1,-1,-1
353,4,112.75,78.89,43.98,94.46,1,-1,-1,-1
353,29,386.55,28.72,25.50,69.15,1,-1,-1,-1
353,31,521.54,8.29,11.44,29.98,1,-1,-1,-1
353,35,442.83,14.04,18.89,45.84,1,-1,-1,-1
353,37,427.74,7.76,13.61,35.22,1,-1,-1,-1
353,40,527.40,9.22,12.05,33.20,1,-1,-1,-1
353,44,573.99,40.87,16.75,46.14,1,-1,-1,-1
354,4,112.60,78.95,43.93,95.03,1,-1,-1,-1
354,31,521.69,8.03,11.38,29.95,1,-1,-1,-1
354,35,441.87,14.07,19.70,45.59,1,-1,-1,-1
354,40,527.50,9.74,11.84,32.46,1,-1,-1,-1
354,44,573.90,41.23,16.65,45.87,1,-1,-1,-1
355,4,112.37,78.32,44.27,96.53,1,-1,-1,-1
355,31,521.31,8.61,10.91,28.61,1,-1,-1,-1
355,35,441.64,14.08,20.29,45.45,1,-1,-1,-1
355,40,528.09,10.60,11.25,30.83,1,-1,-1,-1
355,44,574.26,41.11,17.16,45.93,1,-1,-1,-1
355,48,577.04,38.18,10.41,25.72,1,-1,-1,-1
356,4,112.14,78.73,44.03,96.43,1,-1,-1,-1
356,31,521.22,8.50,10.80,28.34,1,-1,-1,-1
356,35,442.06,14.22,20.57,46.07,1,-1,-1,-1
356,37,432.35,7.98,13.49,35.86,1,-1,-1,-1
356,40,528.80,10.76,11.19,30.67,1,-1,-1,-1
356,44,574.25,41.41,17.07,45.69,1,-1,-1,-1
356,48,577.32,38.09,10.66,25.19,1,-1,-1,-1
356,53,593.81,54.78,11.80,36.22,1,-1,-1,-1
357,1,480.73,13.89,12.31,27.30,1,-1,-1,-1
357,4,111.70,78.24,43.98,97.02,1,-1,-1,-1
357,35,446.65,14.08,20.30,46.16,1,-1,-1,-1
357,37,433.17,8.01,13.54,37.30,1,-1,-1,-1
357,48,577.33,38.71,10.96,25.00,1,-1,-1,-1
357,53,593.28,55.79,11.57,35.21,1,-1,-1,-1
358,1,481.05,13.28,12.83,28.48,1,-1,-1,-1
358,4,112.03,78.71,43.63,96.56,1,-1,-1,-1
358,35,447.44,14.20,20.55,46.74,1,-1,-1,-1
358,37,433.90,8.05,13.57,37.40,1,-1,-1,-1
358,46,443.21,13.98,11.72,26.95,1,-1,-1,-1
358,48,577.78,38.28,11.53,26.26,1,-1,-1,-1
358,53,592.93,56.84,11.17,33.41,1,-1,-1,-1
359,1,481.53,13.30,12.84,28.49,1,-1,-1,-1
359,4,112.59,78.89,43.32,96.37,1,-1,-1,-1
359,29,396.11,26.80,25.74,72.22,1,-1,-1,-1
359,46,443.27,14.11,11.40,26.21,1,-1,-1,-1
359,48,578.45,38.12,11.39,25.43,1,-1,-1,-1
359,53,592.32,56.40,11.37,33.61,1,-1,-1,-1
360,1,481.39,10.73,14.97,34.35,1,-1,-1,-1
360,4,113.02,79.62,42.76,94.95,1,-1,-1,-1
360,29,398.64,28.84,24.84,70.93,1,-1,-1,-1
360,31,521.12,9.85,10.69,27.94,1,-1,-1,-1
360,35,448.22,14.91,20.07,46.31,1,-1,-1,-1
360,40,529.24,15.65,10.00,26.31,1,-1,-1,-1
360,44,585.00,49.45,18.13,48.68,1,-1,-1,-1
360,48,579.49,38.05,11.79,25.77,1,-1,-1,-1
360,53,591.91,56.82,11.16,32.96,1,-1,-1,-1
361,1,481.73,10.17,14.86,35.00,1,-1,-1,-1
361,4,112.63,79.23,42.99,95.73,1,-1,-1,-1
361,29,400.62,30.83,23.61,67.86,1,-1,-1,-1
361,31,521.38,9.97,10.84,27.92,1,-1,-1,-1
361,35,447.91,14.34,20.17,47.60,1,-1,-1,-1
361,40,529.50,16.06,10.08,25.21,1,-1,-1,-1
361,44,584.77,50.14,18.54,49.62,1,-1,-1,-1
361,48,579.02,37.37,12.31,26.56,1,-1,-1,-1
362,1,481.70,9.32,15.07,36.51,1,-1,-1,-1
362,4,113.43,79.75,42.51,94.69,1,-1,-1,-1
362,29,401.74,30.92,23.53,67.35,1,-1,-1,-1
362,31,521.36,10.04,10.77,27.73,1,-1,-1,-1
362,35,448.31,14.15,19.85,48.04,1,-1,-1,-1
362,40,529.98,16.88,9.99,24.19,1,-1,-1,-1
362,44,584.15,50.38,18.43,49.95,1,-1,-1,-1
362,48,578.39,37.11,12.75,27.51,1,-1,-1,-1
362,56,572.64,40.22,24.28,46.78,1,-1,-1,-1
363,1,482.05,8.35,15.05,37.72,1,-1,-1,-1
363,4,113.62,79.94,42.56,94.94,1,-1,-1,-1
363,29,402.36,32.95,22.96,65.17,1,-1,-1,-1
363,35,448.46,13.42,19.70,48.84,1,-1,-1,-1
363,40,529.53,16.45,10.46,24.55,1,-1,-1,-1
363,44,584.91,51.26,18.52,50.19,1,-1,-1,-1
363,46,441.92,13.12,13.16,29.49,1,-1,-1,-1
363,48,578.41,37.04,12.81,27.62,1,-1,-1,-1
363,56,572.17,39.22,24.95,48.54,1,-1,-1,-1
364,1,482.73,6.71,15.21,39.45,1,-1,-1,-1
364,4,114.21,80.01,42.20,94.38,1,-1,-1,-1
364,29,403.04,32.37,23.00,65.68,1,-1,-1,-1
364,31,520.46,9.18,11.26,28.76,1,-1,-1,-1
364,35,447.90,12.49,20.18,51.09,1,-1,-1,-1
364,40,529.28,16.29,10.80,24.69,1,-1,-1,-1
364,46,441.85,13.10,13.10,29.35,1,-1,-1,-1
364,56,572.43,38.18,25.75,50.54,1,-1,-1,-1
365,1,483.06,7.35,14.48,38.21,1,-1,-1,-1
365,4,114.37,80.03,42.19,94.15,1,-1,-1,-1
365,29,403.22,29.50,25.03,71.85,1,-1,-1,-1
365,31,520.36,9.14,11.24,28.72,1,-1,-1,-1
365,35,447.57,12.13,20.56,52.57,1,-1,-1,-1
365,40,528.99,15.54,11.31,25.44,1,-1,-1,-1
365,46,442.24,13.79,13.20,28.28,1,-1,-1,-1
365,56,573.17,37.85,24.73,49.12,1,-1,-1,-1
366,1,482.96,6.98,13.95,37.65,1,-1,-1,-1
366,4,113.86,79.38,42.65,95.39,1,-1,-1,-1
366,29,402.94,28.44,25.80,74.12,1,-1,-1,-1
366,35,447.10,12.00,20.71,53.77,1,-1,-1,-1
366,40,529.21,15.25,11.48,25.72,1,-1,-1,-1
366,46,442.88,13.27,13.46,28.70,1,-1,-1,-1
366,56,573.00,37.77,23.80,47.82,1,-1,-1,-1
367,1,482.88,6.20,13.79,38.08,1,-1,-1,-1
367,4,113.44,78.47,43.28,97.17,1,-1,-1,-1
367,29,402.95,27.39,26.37,76.28,1,-1,-1,-1
367,31,519.54,9.01,11.15,28.10,1,-1,-1,-1
367,35,446.99,11.31,20.59,54.86,1,-1,-1,-1
367,40,529.67,15.80,11.44,25.18,1,-1,-1,-1
367,46,442.84,12.43,14.06,30.82,1,-1,-1,-1
367,56,571.98,35.69,24.66,50.79,1,-1,-1,-1
368,1,482.66,5.92,13.46,38.22,1,-1,-1,-1
368,4,113.98,78.78,42.77,95.87,1,-1,-1,-1
368,29,402.79,27.63,25.52,74.51,1,-1,-1,-1
368,31,519.38,8.97,11.11,28.00,1,-1,-1,-1
368,35,447.39,11.69,19.65,53.32,1,-1,-1,-1
368,40,528.99,15.33,11.78,25.65,1,-1,-1,-1
368,46,443.57,12.12,14.09,31.60,1,-1,-1,-1
368,56,571.03,34.31,25.47,53.82,1,-1,-1,-1
369,1,482.64,4.52,13.82,40.21,1,-1,-1,-1
369,4,114.40,79.57,42.15,94.69,1,-1,-1,-1
369,29,402.82,28.41,24.86,73.11,1,-1,-1,-1
369,35,447.79,11.19,19.40,53.98,1,-1,-1,-1
369,40,528.70,15.15,11.97,25.83,1,-1,-1,-1
369,46,443.81,11.36,14.19,32.55,1,-1,-1,-1
369,56,570.65,35.76,24.52,53.00,1,-1,-1,-1
370,1,482.91,5.28,13.39,39.67,1,-1,-1,-1
370,4,113.41,77.88,42.89,96.90,1,-1,-1,-1
370,29,403.49,28.72,24.52,72.55,1,-1,-1,-1
370,35,447.59,10.35,19.35,54.86,1,-1,-1,-1
370,40,528.84,15.23,11.92,25.72,1,-1,-1,-1
370,42,380.47,5.98,10.62,25.06,1,-1,-1,-1
370,46,444.36,10.42,13.96,32.92,1,-1,-1,-1
370,56,569.24,35.06,24.69,54.60,1,-1,-1,-1
371,1,483.07,5.61,13.09,39.42,1,-1,-1,-1
371,4,113.13,77.90,42.97,97.06,1,-1,-1,-1
371,29,403.27,26.20,25.94,77.60,1,-1,-1,-1
371,35,447.61,10.04,19.12,55.18,1,-1,-1,-1
371,42,379.61,5.95,10.88,24.93,1,-1,-1,-1
371,46,445.31,10.06,13.68,33.05,1,-1,-1,-1
371,56,568.76,34.82,24.66,55.83,1,-1,-1,-1
372,1,482.99,4.44,13.23,40.62,1,-1,-1,-1
372,4,114.31,78.58,42.40,95.79,1,-1,-1,-1
372,29,403.36,25.27,26.10,78.82,1,-1,-1,-1
372,35,447.50,9.93,19.24,56.58,1,-1,-1,-1
372,42,379.09,5.77,10.74,24.62,1,-1,-1,-1
372,46,445.48,9.80,13.77,33.27,1,-1,-1,-1
372,56,568.52,35.40,24.13,55.62,1,-1,-1,-1
373,1,483.03,4.01,13.15,41.05,1,-1,-1,-1
373,4,114.89,79.50,41.93,94.64,1,-1,-1,-1
373,29,404.03,24.79,26.41,79.75,1,-1,-1,-1
373,35,447.46,9.89,19.28,57.75,1,-1,-1,-1
373,56,569.86,36.96,22.41,52.21,1,-1,-1,-1
374,1,482.54,4.51,12.81,40.55,1,-1,-1,-1
374,4,116.27,80.52,41.42,93.54,1,-1,-1,-1
374,29,403.56,27.13,25.08,74.80,1,-1,-1,-1
374,35,447.35,10.54,18.82,56.88,1,-1,-1,-1
374,44,573.35,38.60,18.39,50.07,1,-1,-1,-1
374,56,566.47,37.59,20.83,49.49,1,-1,-1,-1
375,1,482.39,4.72,12.58,40.34,1,-1,-1,-1
375,4,121.39,88.87,36.66,84.48,1,-1,-1,-1
375,29,402.82,25.60,26.14,77.80,1,-1,-1,-1
375,35,447.44,10.14,19.02,57.82,1,-1,-1,-1
375,42,380.12,5.94,11.19,23.97,1,-1,-1,-1
375,44,572.82,38.03,18.41,50.14,1,-1,-1,-1
375,48,567.52,45.77,14.45,32.91,1,-1,-1,-1
375,53,591.01,51.05,16.90,49.89,1,-1,-1,-1
375,56,565.75,37.49,20.83,49.49,1,-1,-1,-1
376,1,482.46,5.47,12.23,39.58,1,-1,-1,-1
376,4,120.08,83.08,38.59,89.32,1,-1,-1,-1
376,29,402.74,25.74,26.18,76.85,1,-1,-1,-1
376,35,447.14,10.65,19.12,58.15,1,-1,-1,-1
376,42,379.98,5.85,11.06,23.69,1,-1,-1,-1
376,44,566.80,38.69,17.41,46.84,1,-1,-1,-1
376,48,566.83,46.29,14.61,33.27,1,-1,-1,-1
376,53,590.57,49.23,17.32,52.02,1,-1,-1,-1
377,1,482.61,5.77,11.86,38.62,1,-1,-1,-1
377,4,122.36,87.05,33.81,79.75,1,-1,-1,-1
377,29,402.60,27.79,25.02,72.49,1,-1,-1,-1
377,35,447.39,10.19,19.05,58.26,1,-1,-1,-1
377,44,565.40,39.47,17.44,45.47,1,-1,-1,-1
377,53,590.79,48.95,17.24,51.78,1,-1,-1,-1
378,1,483.14,7.22,11.42,36.91,1,-1,-1,-1
378,4,122.58,86.53,33.19,80.16,1,-1,-1,-1
378,29,402.97,27.74,25.01,72.45,1,-1,-1,-1
378,35,447.80,10.02,19.05,58.93,1,-1,-1,-1
378,44,563.09,39.06,17.08,45.02,1,-1,-1,-1
378,53,587.78,47.59,17.73,54.15,1,-1,-1,-1
378,56,575.18,36.12,21.78,52.63,1,-1,-1,-1
379,1,483.03,7.09,11.21,36.27,1,-1,-1,-1
379,4,124.54,88.37,31.23,76.94,1,-1,-1,-1
379,29,400.08,27.15,25.46,72.88,1,-1,-1,-1
379,35,447.74,9.96,18.83,59.17,1,-1,-1,-1
379,44,561.56,38.92,17.08,45.55,1,-1,-1,-1
379,53,586.47,47.06,17.57,53.80,1,-1,-1,-1
379,56,577.02,35.97,21.05,52.31,1,-1,-1,-1
380,1,482.78,8.39,10.87,34.69,1,-1,-1,-1
380,4,124.66,80.13,36.49,90.18,1,-1,-1,-1
380,29,397.73,24.98,27.05,77.71,1,-1,-1,-1
380,35,447.88,10.60,18.41,58.59,1,-1,-1,-1
380,44,560.36,38.21,17.79,47.09,1,-1,-1,-1
380,53,584.99,45.59,18.16,56.17,1,-1,-1,-1
380,56,577.98,36.58,20.81,52.85,1,-1,-1,-1
381,1,482.74,9.55,10.64,33.44,1,-1,-1,-1
381,4,124.92,76.70,38.49,95.29,1,-1,-1,-1
381,29,397.61,26.17,26.20,75.50,1,-1,-1,-1
381,35,448.54,12.17,17.68,56.36,1,-1,-1,-1
381,44,559.08,37.87,17.77,47.03,1,-1,-1,-1
381,53,581.05,39.98,18.17,57.07,1,-1,-1,-1
381,56,578.58,36.46,20.92,53.14,1,-1,-1,-1
382,1,483.26,11.32,10.17,31.63,1,-1,-1,-1
382,4,125.47,75.89,38.88,96.25,1,-1,-1,-1
382,29,397.80,27.99,24.74,71.28,1,-1,-1,-1
382,35,449.54,13.43,16.57,52.82,1,-1,-1,-1
382,40,527.63,16.00,11.84,25.97,1,-1,-1,-1
382,44,557.78,35.55,14.40,39.19,1,-1,-1,-1
382,46,453.14,15.72,11.44,27.27,1,-1,-1,-1
382,53,577.49,39.68,17.70,54.84,1,-1,-1,-1
383,1,483.62,11.26,10.35,31.69,1,-1,-1,-1
383,29,398.29,30.03,23.39,66.96,1,-1,-1,-1
383,35,450.57,14.58,15.52,48.77,1,-1,-1,-1
383,40,527.65,16.02,11.70,25.99,1,-1,-1,-1
383,44,555.77,42.30,12.54,33.69,1,-1,-1,-1
383,46,453.12,15.25,11.93,28.51,1,-1,-1,-1
383,53,575.30,38.95,17.82,53.90,1,-1,-1,-1
384,1,483.79,11.90,10.32,31.05,1,-1,-1,-1
384,29,398.18,30.30,23.15,66.27,1,-1,-1,-1
384,35,451.17,14.29,15.35,47.32,1,-1,-1,-1
384,37,442.60,16.96,17.88,45.97,1,-1,-1,-1
384,40,527.60,16.09,11.70,25.98,1,-1,-1,-1
384,44,554.39,42.70,11.97,32.17,1,-1,-1,-1
384,46,453.62,15.46,11.87,28.36,1,-1,-1,-1
384,53,573.45,38.70,17.99,52.86,1,-1,-1,-1
385,1,482.93,10.08,10.80,32.20,1,-1,-1,-1
385,4,134.92,88.72,29.42,72.03,1,-1,-1,-1
385,29,396.71,28.52,23.99,69.11,1,-1,-1,-1
385,35,451.53,14.57,15.09,46.49,1,-1,-1,-1
385,37,442.93,17.32,18.02,46.31,1,-1,-1,-1
385,46,453.53,14.35,12.17,29.63,1,-1,-1,-1
385,53,567.87,39.29,18.01,51.79,1,-1,-1,-1
385,56,574.44,33.27,22.35,58.56,1,-1,-1,-1
386,1,482.40,9.42,10.74,31.96,1,-1,-1,-1
386,4,138.89,99.78,26.32,63.26,1,-1,-1,-1
386,29,396.65,28.85,23.63,68.27,1,-1,-1,-1
386,35,453.40,14.16,15.35,46.74,1,-1,-1,-1
386,40,528.14,17.72,10.67,23.46,1,-1,-1,-1
386,46,453.40,14.13,12.54,31.24,1,-1,-1,-1
386,53,565.44,39.55,18.09,52.03,1,-1,-1,-1
386,56,574.09,33.64,21.64,58.41,1,-1,-1,-1
387,1,482.37,9.47,10.64,31.64,1,-1,-1,-1
387,4,140.49,101.53,25.39,61.02,1,-1,-1,-1
387,29,392.43,26.96,24.56,71.32,1,-1,-1,-1
387,35,453.65,15.49,15.02,44.64,1,-1,-1,-1
387,37,441.64,18.84,18.47,45.33,1,-1,-1,-1
387,40,528.20,17.27,10.57,23.06,1,-1,-1,-1
387,46,454.39,14.70,11.90,29.86,1,-1,-1,-1
387,53,562.24,40.32,17.51,50.79,1,-1,-1,-1
387,56,575.30,33.77,20.02,55.73,1,-1,-1,-1
388,29,390.09,24.32,25.20,74.40,1,-1,-1,-1
388,35,454.20,15.82,14.73,43.77,1,-1,-1,-1
388,37,439.75,19.09,19.13,45.85,1,-1,-1,-1
388,40,528.23,17.41,10.44,22.78,1,-1,-1,-1
388,46,454.79,14.78,11.91,29.90,1,-1,-1,-1
388,53,556.56,38.64,17.06,47.65,1,-1,-1,-1
388,56,576.37,33.84,18.85,53.34,1,-1,-1,-1
389,29,389.80,25.25,24.27,72.98,1,-1,-1,-1
389,35,457.79,18.45,12.44,37.34,1,-1,-1,-1
389,37,438.95,20.49,18.36,43.38,1,-1,-1,-1
389,53,553.17,38.03,18.21,49.85,1,-1,-1,-1
389,56,576.94,34.55,18.06,51.77,1,-1,-1,-1
390,4,137.02,85.54,32.45,75.46,1,-1,-1,-1
390,29,389.57,24.98,23.58,72.40,1,-1,-1,-1
390,35,463.34,19.75,11.24,33.73,1,-1,-1,-1
390,37,437.86,20.33,18.28,43.78,1,-1,-1,-1
390,46,458.00,18.39,13.82,35.95,1,-1,-1,-1
390,53,550.38,35.86,19.23,51.93,1,-1,-1,-1
390,56,577.10,34.14,17.87,51.87,1,-1,-1,-1
391,4,137.60,84.52,32.68,75.99,1,-1,-1,-1
391,29,389.26,24.89,23.17,72.18,1,-1,-1,-1
391,35,464.36,18.69,11.41,34.86,1,-1,-1,-1
391,37,436.67,22.25,18.53,45.91,1,-1,-1,-1
391,46,458.63,18.83,14.08,36.62,1,-1,-1,-1
391,48,582.27,34.39,13.52,31.15,1,-1,-1,-1
391,53,548.19,34.39,20.05,53.38,1,-1,-1,-1
391,56,577.68,34.00,18.07,53.24,1,-1,-1,-1
392,1,480.37,12.80,9.53,28.13,1,-1,-1,-1
392,4,138.43,89.96,30.68,67.76,1,-1,-1,-1
392,29,388.51,25.53,23.01,72.75,1,-1,-1,-1
392,35,465.84,19.11,10.96,33.49,1,-1,-1,-1
392,37,436.85,23.60,18.04,45.40,1,-1,-1,-1
392,40,528.20,17.07,10.58,22.90,1,-1,-1,-1
392,48,582.61,33.95,13.16,31.02,1,-1,-1,-1
392,53,547.02,35.15,19.90,51.98,1,-1,-1,-1
392,56,578.06,32.63,18.47,55.72,1,-1,-1,-1
393,1,479.16,12.32,10.17,29.33,1,-1,-1,-1
393,4,139.12,89.58,30.52,67.41,1,-1,-1,-1
393,29,387.74,29.07,21.36,67.70,1,-1,-1,-1
393,37,436.53,24.30,18.10,45.56,1,-1,-1,-1
393,40,528.22,17.12,10.50,22.75,1,-1,-1,-1
393,48,583.29,33.39,13.13,30.96,1,-1,-1,-1
393,53,542.54,34.83,19.52,50.74,1,-1,-1,-1
393,56,578.98,32.12,17.71,55.37,1,-1,-1,-1
394,1,478.91,12.85,10.10,28.35,1,-1,-1,-1
394,29,386.93,29.30,21.22,67.27,1,-1,-1,-1
394,37,437.00,19.55,19.25,47.49,1,-1,-1,-1
394,53,539.75,34.07,19.75,51.60,1,-1,-1,-1
394,56,579.11,31.93,17.20,55.21,1,-1,-1,-1
395,1,478.77,13.04,10.21,27.99,1,-1,-1,-1
395,37,436.78,19.68,19.39,47.84,1,-1,-1,-1
395,53,538.82,33.81,19.78,51.92,1,-1,-1,-1
395,56,579.26,31.88,16.76,55.14,1,-1,-1,-1
396,1,478.53,13.30,10.07,27.61,1,-1,-1,-1
396,35,468.55,19.09,11.14,33.69,1,-1,-1,-1
396,37,430.41,18.40,19.68,47.26,1,-1,-1,-1
396,53,535.87,33.73,19.25,51.37,1,-1,-1,-1
396,56,579.34,31.21,16.55,55.77,1,-1,-1,-1
397,29,381.23,26.42,23.04,73.16,1,-1,-1,-1
397,35,467.90,17.76,11.59,35.00,1,-1,-1,-1
397,37,428.47,22.18,19.36,45.82,1,-1,-1,-1
397,53,534.20,33.73,18.34,49.83,1,-1,-1,-1
397,56,579.65,31.62,15.90,55.34,1,-1,-1,-1
398,29,380.74,28.09,22.29,69.83,1,-1,-1,-1
398,35,468.39,17.94,11.58,34.83,1,-1,-1,-1
398,37,426.50,24.19,19.16,43.96,1,-1,-1,-1
398,53,530.60,30.41,18.14,49.92,1,-1,-1,-1
398,56,579.81,31.13,15.55,55.83,1,-1,-1,-1
399,29,380.15,27.38,22.91,70.59,1,-1,-1,-1
399,35,469.00,17.34,11.98,36.12,1,-1,-1,-1
399,37,425.05,24.24,19.94,44.62,1,-1,-1,-1
399,40,520.80,11.32,12.07,26.74,1,-1,-1,-1
399,53,528.41,27.21,19.29,53.93,1,-1,-1,-1
399,56,579.38,30.30,15.72,57.98,1,-1,-1,-1
400,29,379.03,26.46,23.67,72.19,1,-1,-1,-1
400,35,469.31,17.77,11.93,35.95,1,-1,-1,-1
400,37,424.55,24.91,20.23,44.19,1,-1,-1,-1
400,40,520.19,10.86,12.19,27.00,1,-1,-1,-1
400,53,526.33,24.77,19.73,56.05,1,-1,-1,-1
400,56,579.04,29.99,15.50,58.13,1,-1,-1,-1
401,29,377.82,26.11,24.30,72.78,1,-1,-1,-1
401,35,470.23,17.93,12.21,36.56,1,-1,-1,-1
401,37,423.24,23.81,21.33,46.03,1,-1,-1,-1
401,53,524.60,24.48,19.34,54.93,1,-1,-1,-1
401,56,579.20,31.19,14.82,56.21,1,-1,-1,-1
402,29,376.92,25.33,24.83,73.66,1,-1,-1,-1
402,35,470.54,17.99,12.35,36.79,1,-1,-1,-1
402,37,422.58,23.40,22.13,47.36,1,-1,-1,-1
402,53,523.85,23.78,19.57,55.78,1,-1,-1,-1
402,56,579.58,31.67,14.57,55.45,1,-1,-1,-1
403,29,375.96,27.00,24.36,70.06,1,-1,-1,-1
403,35,470.98,18.02,12.34,36.89,1,-1,-1,-1
403,37,421.67,23.64,22.26,47.63,1,-1,-1,-1
403,53,521.99,23.55,19.03,54.78,1,-1,-1,-1
403,56,579.31,31.19,14.66,56.49,1,-1,-1,-1
404,29,374.90,29.68,24.32,67.97,1,-1,-1,-1
404,35,471.61,17.36,12.69,38.24,1,-1,-1,-1
404,37,417.94,24.75,22.71,47.98,1,-1,-1,-1
404,42,405.64,7.99,13.62,31.98,1,-1,-1,-1
404,53,519.15,24.17,18.63,55.03,1,-1,-1,-1
404,56,579.02,31.68,14.39,55.57,1,-1,-1,-1
405,29,374.29,31.33,24.16,65.20,1,-1,-1,-1
405,35,472.50,18.42,12.11,36.80,1,-1,-1,-1
405,37,417.65,25.70,22.15,46.74,1,-1,-1,-1
405,42,406.58,8.08,13.75,32.29,1,-1,-1,-1
405,48,581.11,35.86,13.11,30.99,1,-1,-1,-1
405,53,518.20,25.09,17.74,53.14,1,-1,-1,-1
405,56,578.18,31.87,14.42,55.87,1,-1,-1,-1
406,29,373.28,32.60,23.05,60.81,1,-1,-1,-1
406,35,475.02,18.17,11.47,34.90,1,-1,-1,-1
406,37,417.68,25.37,21.74,46.29,1,-1,-1,-1
406,42,404.96,8.05,14.07,35.03,1,-1,-1,-1
406,48,581.10,35.90,13.10,30.98,1,-1,-1,-1
406,53,517.73,24.81,17.17,52.41,1,-1,-1,-1
406,56,577.97,30.62,14.90,58.62,1,-1,-1,-1
407,29,369.14,33.04,23.38,61.30,1,-1,-1,-1
407,35,475.54,17.40,11.99,36.23,1,-1,-1,-1
407,37,416.04,19.93,21.66,46.78,1,-1,-1,-1
407,42,405.13,8.68,13.74,34.55,1,-1,-1,-1
407,53,516.10,22.74,17.36,52.80,1,-1,-1,-1
407,56,577.66,30.16,14.90,58.99,1,-1,-1,-1
408,29,367.12,33.19,23.37,60.81,1,-1,-1,-1
408,35,475.05,15.81,12.86,39.32,1,-1,-1,-1
408,37,414.86,19.21,20.84,45.65,1,-1,-1,-1
408,42,405.41,10.21,12.47,31.12,1,-1,-1,-1
408,53,514.21,21.33,17.47,52.28,1,-1,-1,-1
408,56,577.43,29.33,15.13,60.43,1,-1,-1,-1
408,57,384.37,9.02,12.23,27.19,1,-1,-1,-1
409,4,120.76,84.00,24.07,51.10,1,-1,-1,-1
409,29,364.75,33.22,23.37,60.67,1,-1,-1,-1
409,35,474.51,14.57,13.86,41.13,1,-1,-1,-1
409,37,415.74,23.62,19.96,43.87,1,-1,-1,-1
409,42,405.26,10.14,12.38,31.08,1,-1,-1,-1
409,48,580.97,35.11,13.08,30.99,1,-1,-1,-1
409,53,512.85,16.18,18.31,54.74,1,-1,-1,-1
409,56,577.52,29.67,14.86,59.67,1,-1,-1,-1
409,57,384.55,9.04,11.80,26.15,1,-1,-1,-1
410,4,120.37,84.66,23.86,50.04,1,-1,-1,-1
410,29,363.56,33.88,22.77,59.31,1,-1,-1,-1
410,35,474.53,13.45,15.02,43.12,1,-1,-1,-1
410,37,414.66,24.61,19.87,43.89,1,-1,-1,-1
410,42,405.71,10.77,11.97,30.41,1,-1,-1,-1
410,48,581.30,34.33,13.09,31.68,1,-1,-1,-1
410,53,508.37,19.50,17.54,51.75,1,-1,-1,-1
410,56,577.00,30.47,14.58,58.69,1,-1,-1,-1
410,57,384.83,9.04,12.01,26.63,1,-1,-1,-1
410,58,393.48,11.00,14.08,29.56,1,-1,-1,-1
411,4,119.74,85.52,24.07,49.72,1,-1,-1,-1
411,29,361.91,32.76,23.10,60.86,1,-1,-1,-1
411,35,474.29,13.02,15.93,43.88,1,-1,-1,-1
411,37,414.20,25.63,19.37,42.56,1,-1,-1,-1
411,42,406.31,11.00,11.99,30.45,1,-1,-1,-1
411,48,580.84,34.73,12.91,30.60,1,-1,-1,-1
411,53,505.90,20.91,17.52,50.54,1,-1,-1,-1
411,56,576.93,32.11,14.22,56.32,1,-1,-1,-1
411,57,384.44,9.04,12.33,27.52,1,-1,-1,-1
411,58,392.76,10.26,14.85,31.57,1,-1,-1,-1
412,4,118.53,84.45,24.83,51.02,1,-1,-1,-1
412,29,360.70,32.34,22.53,59.46,1,-1,-1,-1
412,35,475.02,13.51,16.52,44.16,1,-1,-1,-1
412,37,412.88,26.00,19.53,42.08,1,-1,-1,-1
412,48,580.14,34.22,13.23,31.52,1,-1,-1,-1
412,53,504.88,21.45,17.91,50.77,1,-1,-1,-1
412,56,576.18,32.73,14.19,55.41,1,-1,-1,-1
412,57,383.95,9.03,12.44,27.84,1,-1,-1,-1
412,58,392.70,10.71,14.71,31.53,1,-1,-1,-1
413,4,117.42,84.75,25.17,51.51,1,-1,-1,-1
413,29,358.90,32.17,23.81,62.98,1,-1,-1,-1
413,35,475.15,13.07,17.01,44.90,1,-1,-1,-1
413,37,411.82,26.12,20.15,42.58,1,-1,-1,-1
413,46,513.54,15.17,18.90,51.01,1,-1,-1,-1
413,48,579.79,34.69,13.53,32.51,1,-1,-1,-1
413,53,503.26,21.67,17.35,49.54,1,-1,-1,-1
413,56,575.79,32.29,14.43,55.75,1,-1,-1,-1
413,57,383.96,9.03,12.80,28.64,1,-1,-1,-1
413,58,392.92,10.89,14.89,32.13,1,-1,-1,-1
414,4,116.76,83.52,25.88,53.07,1,-1,-1,-1
414,29,355.96,31.45,24.33,64.25,1,-1,-1,-1
414,35,475.95,12.91,17.60,45.81,1,-1,-1,-1
414,37,410.83,28.81,19.64,40.12,1,-1,-1,-1
414,40,520.20,11.84,12.25,28.06,1,-1,-1,-1
414,46,515.02,13.63,18.30,51.89,1,-1,-1,-1
414,48,579.65,34.64,13.59,32.66,1,-1,-1,-1
414,53,502.98,19.76,16.68,47.74,1,-1,-1,-1
414,56,576.04,33.45,14.41,54.56,1,-1,-1,-1
414,57,383.97,9.02,12.94,28.93,1,-1,-1,-1
414,58,392.75,10.96,14.75,31.62,1,-1,-1,-1
415,4,115.93,83.23,25.83,52.97,1,-1,-1,-1
415,29,354.77,31.82,24.77,65.40,1,-1,-1,-1
415,35,476.28,14.15,17.74,45.50,1,-1,-1,-1
415,37,409.98,29.42,19.40,39.61,1,-1,-1,-1
415,40,519.60,12.65,12.21,28.76,1,-1,-1,-1
415,46,514.65,11.81,17.94,53.50,1,-1,-1,-1
415,48,577.93,34.14,13.21,32.19,1,-1,-1,-1
415,53,502.10,17.71,16.82,48.44,1,-1,-1,-1
415,56,575.70,35.22,13.96,51.43,1,-1,-1,-1
415,57,383.84,9.02,13.25,29.70,1,-1,-1,-1
415,58,392.73,10.99,14.61,31.39,1,-1,-1,-1
416,1,494.63,29.96,12.55,34.94,1,-1,-1,-1
416,29,353.61,31.31,25.15,66.50,1,-1,-1,-1
416,35,477.52,17.91,14.86,38.83,1,-1,-1,-1
416,40,519.41,12.69,12.28,28.93,1,-1,-1,-1
416,46,514.13,11.13,17.13,52.80,1,-1,-1,-1
416,48,577.27,34.69,12.93,31.41,1,-1,-1,-1
416,53,501.75,16.33,17.01,49.37,1,-1,-1,-1
416,56,574.89,36.56,13.82,49.59,1,-1,-1,-1
416,57,383.75,9.05,13.37,29.96,1,-1,-1,-1
416,58,392.61,10.99,14.83,31.86,1,-1,-1,-1
416,59,404.55,18.91,21.41,54.19,1,-1,-1,-1
417,1,493.68,30.90,12.91,35.11,1,-1,-1,-1
417,4,116.49,84.65,24.47,49.56,1,-1,-1,-1
417,29,353.48,32.42,24.12,63.65,1,-1,-1,-1
417,35,479.00,18.73,13.72,36.80,1,-1,-1,-1
417,46,515.89,10.65,17.33,53.41,1,-1,-1,-1
417,48,576.26,34.22,13.07,31.81,1,-1,-1,-1
417,53,503.85,25.74,13.42,39.16,1,-1,-1,-1
417,56,574.51,37.02,13.96,48.96,1,-1,-1,-1
417,58,393.59,12.58,13.61,28.90,1,-1,-1,-1
417,59,404.71,23.47,19.99,49.86,1,-1,-1,-1
418,1,492.53,26.21,12.41,35.79,1,-1,-1,-1
418,4,115.93,84.57,24.25,49.11,1,-1,-1,-1
418,29,351.52,33.52,23.70,61.19,1,-1,-1,-1
418,35,481.52,19.00,13.36,36.81,1,-1,-1,-1
418,40,519.56,13.81,11.80,28.20,1,-1,-1,-1
418,48,575.58,35.37,12.45,29.97,1,-1,-1,-1
418,53,506.68,23.11,12.06,35.76,1,-1,-1,-1
418,56,574.30,37.52,13.76,48.24,1,-1,-1,-1
418,58,394.07,12.94,13.54,28.26,1,-1,-1,-1
418,59,403.76,25.40,19.22,47.12,1,-1,-1,-1
419,1,491.38,28.15,12.90,36.69,1,-1,-1,-1
419,29,350.05,34.59,23.81,60.28,1,-1,-1,-1
419,35,483.26,19.77,12.85,36.83,1,-1,-1,-1
419,40,519.85,13.99,11.19,26.69,1,-1,-1,-1
419,48,575.31,35.81,12.27,29.94,1,-1,-1,-1
419,53,508.03,22.30,11.45,34.75,1,-1,-1,-1
419,58,393.50,11.69,14.28,30.11,1,-1,-1,-1
419,59,400.97,25.81,18.75,45.68,1,-1,-1,-1
420,1,488.94,26.33,14.49,40.86,1,-1,-1,-1
420,4,113.47,84.92,26.12,54.10,1,-1,-1,-1
420,29,348.28,33.63,25.77,64.65,1,-1,-1,-1
420,35,484.23,20.11,12.74,36.53,1,-1,-1,-1
420,40,519.75,14.14,11.14,26.57,1,-1,-1,-1
420,48,574.88,35.92,12.21,29.79,1,-1,-1,-1
420,53,508.46,22.04,11.33,35.17,1,-1,-1,-1
420,56,573.29,36.34,14.43,49.56,1,-1,-1,-1
420,58,393.07,10.59,14.99,32.07,1,-1,-1,-1
420,59,400.29,28.05,17.85,43.50,1,-1,-1,-1
421,1,489.12,26.69,14.73,41.55,1,-1,-1,-1
421,4,112.72,84.90,26.22,54.29,1,-1,-1,-1
421,29,347.04,35.23,25.09,61.70,1,-1,-1,-1
421,40,520.83,13.26,11.60,28.48,1,-1,-1,-1
421,53,507.42,20.58,11.62,36.73,1,-1,-1,-1
421,56,573.13,36.19,14.53,49.73,1,-1,-1,-1
421,58,393.62,10.16,15.13,32.82,1,-1,-1,-1
422,29,343.76,35.18,24.57,60.50,1,-1,-1,-1
422,40,521.44,11.77,11.57,29.53,1,-1,-1,-1
422,53,505.58,20.07,11.34,36.65,1,-1,-1,-1
422,56,572.89,36.39,14.43,49.40,1,-1,-1,-1
422,58,394.28,10.00,15.58,34.40,1,-1,-1,-1
423,1,483.67,19.79,16.15,46.22,1,-1,-1,-1
423,29,342.71,35.16,24.17,60.07,1,-1,-1,-1
423,40,521.56,10.57,11.77,31.22,1,-1,-1,-1
423,42,394.65,11.06,20.33,55.48,1,-1,-1,-1
423,53,504.49,19.22,11.39,37.34,1,-1,-1,-1
423,58,394.23,10.59,15.09,33.71,1,-1,-1,-1
424,1,481.20,18.57,16.20,46.41,1,-1,-1,-1
424,29,341.89,35.80,23.67,59.26,1,-1,-1,-1
424,40,522.00,11.40,11.03,29.93,1,-1,-1,-1
424,42,394.02,17.86,19.24,52.49,1,-1,-1,-1
424,53,502.27,17.59,11.76,39.61,1,-1,-1,-1
424,56,569.54,34.42,14.81,50.66,1,-1,-1,-1
424,58,394.65,10.83,14.63,32.74,1,-1,-1,-1
425,1,480.87,17.47,16.29,45.82,1,-1,-1,-1
425,29,341.08,37.37,22.62,56.96,1,-1,-1,-1
425,40,521.74,11.09,10.95,30.05,1,-1,-1,-1
425,42,391.73,11.15,21.49,62.15,1,-1,-1,-1
425,53,501.40,16.34,12.05,41.76,1,-1,-1,-1
425,56,569.02,34.12,14.88,50.85,1,-1,-1,-1
425,58,394.73,10.78,14.77,33.05,1,-1,-1,-1
426,1,480.39,17.05,16.38,44.91,1,-1,-1,-1
426,29,339.13,35.91,23.66,60.18,1,-1,-1,-1
426,40,522.16,10.97,10.54,29.43,1,-1,-1,-1
426,42,391.01,11.13,22.12,63.97,1,-1,-1,-1
426,53,500.70,17.82,11.65,41.30,1,-1,-1,-1
426,56,568.15,34.68,14.97,50.25,1,-1,-1,-1
426,59,391.13,24.27,18.79,45.76,1,-1,-1,-1
427,1,479.63,20.82,13.68,38.00,1,-1,-1,-1
427,29,336.99,35.39,24.33,62.63,1,-1,-1,-1
427,35,500.27,20.09,12.73,37.87,1,-1,-1,-1
427,40,521.97,10.94,10.41,29.18,1,-1,-1,-1
427,53,496.61,19.76,10.65,37.82,1,-1,-1,-1
427,56,567.62,34.23,15.46,51.36,1,-1,-1,-1
427,59,389.61,22.97,20.18,48.87,1,-1,-1,-1
428,1,477.79,18.17,15.73,42.15,1,-1,-1,-1
428,29,335.99,37.13,25.05,64.88,1,-1,-1,-1
428,35,501.16,20.08,12.56,38.63,1,-1,-1,-1
428,40,521.81,10.27,10.54,29.75,1,-1,-1,-1
428,53,495.69,19.86,10.42,37.16,1,-1,-1,-1
428,56,566.97,32.75,15.91,53.74,1,-1,-1,-1
428,59,387.21,21.14,21.89,52.10,1,-1,-1,-1
429,1,477.23,17.91,15.88,42.56,1,-1,-1,-1
429,29,335.37,39.10,24.60,63.80,1,-1,-1,-1
429,35,502.78,20.21,12.58,38.69,1,-1,-1,-1
429,40,522.05,9.37,10.64,30.62,1,-1,-1,-1
429,53,494.02,19.22,11.74,38.95,1,-1,-1,-1
429,56,565.26,30.90,16.47,55.94,1,-1,-1,-1
429,59,386.11,21.68,21.67,50.83,1,-1,-1,-1
430,1,469.09,14.85,17.12,46.05,1,-1,-1,-1
430,29,334.63,39.19,24.90,64.01,1,-1,-1,-1
430,40,521.91,10.98,10.48,30.29,1,-1,-1,-1
430,53,493.33,17.69,13.08,41.56,1,-1,-1,-1
430,56,563.34,30.83,16.64,56.78,1,-1,-1,-1
430,58,391.80,10.04,17.74,38.67,1,-1,-1,-1
430,59,384.79,21.72,21.69,50.90,1,-1,-1,-1
431,1,467.93,19.96,14.49,39.76,1,-1,-1,-1
431,29,334.32,41.19,23.85,60.80,1,-1,-1,-1
431,35,498.47,18.40,12.06,38.13,1,-1,-1,-1
431,40,521.77,10.97,10.59,30.81,1,-1,-1,-1
431,53,497.98,20.33,11.57,37.41,1,-1,-1,-1
431,56,562.90,32.12,16.14,55.79,1,-1,-1,-1
431,58,391.51,9.98,18.08,39.11,1,-1,-1,-1
432,1,466.37,22.75,13.09,36.49,1,-1,-1,-1
432,29,330.22,40.59,24.86,62.91,1,-1,-1,-1
432,35,499.36,18.33,12.05,38.13,1,-1,-1,-1
432,40,522.11,10.31,10.49,31.00,1,-1,-1,-1
432,53,499.27,20.77,11.69,38.42,1,-1,-1,-1
432,56,562.72,31.98,16.03,55.39,1,-1,-1,-1
432,58,390.98,9.96,18.39,39.26,1,-1,-1,-1
432,59,379.58,14.44,21.84,51.84,1,-1,-1,-1
433,1,464.98,23.06,12.98,36.16,1,-1,-1,-1
433,29,328.62,41.02,25.51,63.67,1,-1,-1,-1
433,40,522.29,9.41,10.36,31.07,1,-1,-1,-1
433,53,499.95,20.92,11.27,37.44,1,-1,-1,-1
433,56,562.92,32.59,15.51,53.25,1,-1,-1,-1
433,58,392.48,9.31,16.41,35.41,1,-1,-1,-1
433,59,378.02,13.83,21.90,51.98,1,-1,-1,-1
434,1,463.63,22.27,11.94,33.56,1,-1,-1,-1
434,29,328.07,42.48,24.44,60.67,1,-1,-1,-1
434,40,522.30,9.72,10.42,31.74,1,-1,-1,-1
434,53,500.37,20.31,11.49,38.42,1,-1,-1,-1
434,56,562.49,28.82,15.06,50.42,1,-1,-1,-1
434,58,393.52,9.73,15.42,33.84,1,-1,-1,-1
434,59,379.80,9.92,18.50,42.65,1,-1,-1,-1
435,1,460.71,20.71,12.52,35.82,1,-1,-1,-1
435,29,327.30,43.69,23.30,57.49,1,-1,-1,-1
435,40,522.34,9.20,10.35,31.99,1,-1,-1,-1
435,53,499.40,17.45,13.18,43.38,1,-1,-1,-1
435,56,562.19,32.17,15.22,50.72,1,-1,-1,-1
435,58,393.95,9.89,14.94,33.27,1,-1,-1,-1
435,59,379.83,9.00,17.63,39.79,1,-1,-1,-1
436,1,458.65,16.25,14.24,41.15,1,-1,-1,-1
436,29,326.14,45.46,22.05,54.28,1,-1,-1,-1
436,40,522.49,9.00,10.07,31.42,1,-1,-1,-1
436,53,499.61,17.66,13.93,45.22,1,-1,-1,-1
436,56,561.25,32.04,15.65,52.83,1,-1,-1,-1
436,58,394.01,9.28,14.97,34.41,1,-1,-1,-1
436,59,380.30,9.42,15.72,36.15,1,-1,-1,-1
437,1,457.29,13.97,14.82,42.50,1,-1,-1,-1
437,29,324.57,46.08,21.97,53.83,1,-1,-1,-1
437,40,522.48,8.93,10.08,31.86,1,-1,-1,-1
437,53,500.73,18.40,14.09,44.67,1,-1,-1,-1
437,56,560.65,31.98,15.66,52.88,1,-1,-1,-1
437,58,393.92,8.40,15.21,36.14,1,-1,-1,-1
437,59,380.59,8.91,14.96,34.94,1,-1,-1,-1
438,1,455.13,13.06,15.21,43.03,1,-1,-1,-1
438,29,323.49,47.62,21.06,52.34,1,-1,-1,-1
438,40,522.21,10.22,9.32,29.39,1,-1,-1,-1
438,42,371.68,28.19,16.27,44.92,1,-1,-1,-1
438,53,501.57,18.71,14.67,45.06,1,-1,-1,-1
438,56,560.32,32.76,15.31,52.21,1,-1,-1,-1
438,58,393.90,7.42,15.26,37.44,1,-1,-1,-1
438,59,381.73,8.76,14.09,33.18,1,-1,-1,-1
439,1,453.55,12.74,15.65,43.86,1,-1,-1,-1
439,29,319.72,44.75,22.18,55.91,1,-1,-1,-1
439,35,521.02,10.35,9.64,29.41,1,-1,-1,-1
439,40,526.84,10.74,9.03,27.74,1,-1,-1,-1
439,42,370.24,29.02,15.66,41.54,1,-1,-1,-1
439,46,466.26,9.91,10.20,30.34,1,-1,-1,-1
439,53,502.24,17.54,15.50,45.85,1,-1,-1,-1
439,56,559.76,32.93,15.41,52.74,1,-1,-1,-1
439,58,393.37,7.05,15.01,37.94,1,-1,-1,-1
439,59,383.28,9.45,12.99,30.53,1,-1,-1,-1
440,1,451.30,11.99,15.99,44.81,1,-1,-1,-1
440,29,318.00,43.73,22.72,57.84,1,-1,-1,-1
440,35,521.94,12.22,8.98,26.64,1,-1,-1,-1
440,40,527.38,10.78,8.94,27.46,1,-1,-1,-1
440,42,368.33,28.52,17.15,43.13,1,-1,-1,-1
440,46,465.84,9.10,10.71,31.68,1,-1,-1,-1
440,53,503.09,17.74,15.93,46.14,1,-1,-1,-1
440,56,559.24,31.67,16.11,54.91,1,-1,-1,-1
440,58,393.62,7.56,14.02,36.16,1,-1,-1,-1
440,59,383.56,9.73,12.50,28.98,1,-1,-1,-1
441,1,450.92,16.25,13.94,39.34,1,-1,-1,-1
441,29,316.86,42.67,23.35,59.90,1,-1,-1,-1
441,35,521.03,12.68,9.06,25.92,1,-1,-1,-1
441,40,529.66,10.96,8.81,26.24,1,-1,-1,-1
441,42,366.74,30.44,17.55,41.55,1,-1,-1,-1
441,46,465.64,9.72,10.39,30.26,1,-1,-1,-1
441,53,503.51,18.48,15.88,44.92,1,-1,-1,-1
441,56,559.28,32.50,15.92,53.76,1,-1,-1,-1
441,58,394.07,7.78,13.58,35.45,1,-1,-1,-1
441,59,383.48,9.13,12.72,29.24,1,-1,-1,-1
442,1,449.32,15.96,13.96,39.40,1,-1,-1,-1
442,29,314.92,41.61,24.11,61.99,1,-1,-1,-1
442,35,520.61,12.84,9.24,25.71,1,-1,-1,-1
442,40,530.42,11.02,8.68,25.85,1,-1,-1,-1
442,42,364.84,30.39,19.12,42.41,1,-1,-1,-1
442,46,465.91,9.94,10.72,30.57,1,-1,-1,-1
442,53,502.99,16.80,16.54,46.41,1,-1,-1,-1
442,56,558.15,36.80,14.23,47.34,1,-1,-1,-1
442,58,393.28,6.54,14.00,37.17,1,-1,-1,-1
442,59,383.99,8.24,13.12,30.06,1,-1,-1,-1
442,62,495.29,20.44,10.41,37.35,1,-1,-1,-1
443,1,448.29,19.90,11.72,32.75,1,-1,-1,-1
443,29,312.84,40.55,24.59,63.44,1,-1,-1,-1
443,35,521.84,12.69,8.97,24.94,1,-1,-1,-1
443,42,363.34,31.03,19.36,41.35,1,-1,-1,-1
443,46,466.01,9.30,10.94,30.71,1,-1,-1,-1
443,53,503.21,13.59,17.25,48.90,1,-1,-1,-1
443,56,557.71,37.78,13.66,44.84,1,-1,-1,-1
443,58,394.03,7.39,13.38,35.85,1,-1,-1,-1
443,59,384.11,8.62,12.71,29.03,1,-1,-1,-1
443,62,495.61,19.99,10.46,37.30,1,-1,-1,-1
444,1,446.76,20.07,11.48,32.09,1,-1,-1,-1
444,29,311.32,38.84,25.68,66.57,1,-1,-1,-1
444,42,361.67,31.23,21.17,43.05,1,-1,-1,-1
444,46,465.96,9.07,11.30,31.49,1,-1,-1,-1
444,53,503.68,11.72,18.01,51.77,1,-1,-1,-1
444,56,556.87,36.72,14.18,46.76,1,-1,-1,-1
444,58,394.08,8.40,12.96,34.65,1,-1,-1,-1
444,59,384.19,8.09,13.21,30.08,1,-1,-1,-1
444,62,494.74,20.60,10.28,36.49,1,-1,-1,-1
445,4,78.49,93.94,27.24,59.00,1,-1,-1,-1
445,29,309.90,38.83,25.91,67.12,1,-1,-1,-1
445,42,360.58,29.94,22.85,45.00,1,-1,-1,-1
445,46,465.16,8.31,11.67,32.47,1,-1,-1,-1
445,53,508.02,12.28,18.26,53.51,1,-1,-1,-1
445,56,556.41,37.01,14.06,46.77,1,-1,-1,-1
445,58,393.60,8.12,13.16,35.54,1,-1,-1,-1
445,59,383.95,6.58,13.92,31.80,1,-1,-1,-1
445,62,493.84,21.56,9.97,34.74,1,-1,-1,-1
446,4,78.79,94.10,26.30,59.06,1,-1,-1,-1
446,29,309.42,38.84,25.99,67.31,1,-1,-1,-1
446,42,360.03,29.44,23.86,45.73,1,-1,-1,-1
446,46,465.17,8.03,11.94,32.83,1,-1,-1,-1
446,53,509.83,12.52,18.16,54.17,1,-1,-1,-1
446,56,556.29,37.11,13.96,46.79,1,-1,-1,-1
446,58,393.46,8.02,13.15,35.86,1,-1,-1,-1
446,59,383.59,6.03,14.06,32.46,1,-1,-1,-1
446,62,493.49,21.90,9.98,34.13,1,-1,-1,-1
447,1,445.49,18.21,12.32,34.61,1,-1,-1,-1
447,4,77.86,93.49,26.70,61.08,1,-1,-1,-1
447,29,309.10,42.76,24.43,62.79,1,-1,-1,-1
447,42,355.63,26.59,24.15,47.32,1,-1,-1,-1
447,46,465.55,7.94,11.99,32.97,1,-1,-1,-1
447,48,556.18,47.97,13.67,34.97,1,-1,-1,-1
447,53,510.98,12.65,17.84,54.39,1,-1,-1,-1
447,56,555.77,37.39,13.86,46.45,1,-1,-1,-1
447,58,393.55,8.64,12.87,35.33,1,-1,-1,-1
447,59,383.62,5.84,14.45,34.04,1,-1,-1,-1
447,62,493.51,22.01,10.43,35.34,1,-1,-1,-1
448,1,443.61,14.69,11.75,32.81,1,-1,-1,-1
448,4,76.96,91.94,27.38,64.44,1,-1,-1,-1
448,29,308.91,43.64,24.14,62.33,1,-1,-1,-1
448,35,532.22,11.04,10.12,27.73,1,-1,-1,-1
448,42,354.25,26.16,23.08,46.61,1,-1,-1,-1
448,46,465.24,7.24,12.30,34.35,1,-1,-1,-1
448,48,555.46,48.44,13.75,35.18,1,-1,-1,-1
448,53,514.17,17.89,14.12,43.44,1,-1,-1,-1
448,58,392.84,8.22,12.93,35.78,1,-1,-1,-1
448,59,383.83,5.78,14.20,33.99,1,-1,-1,-1
448,62,493.01,21.37,10.94,37.13,1,-1,-1,-1
449,1,442.38,14.20,11.63,32.47,1,-1,-1,-1
449,4,77.53,92.64,26.51,63.78,1,-1,-1,-1
449,29,306.49,41.97,24.83,64.14,1,-1,-1,-1
449,35,533.90,10.79,10.10,27.66,1,-1,-1,-1
449,42,352.11,26.00,22.71,46.97,1,-1,-1,-1
449,46,465.28,7.65,12.12,34.20,1,-1,-1,-1
449,53,513.91,13.01,16.25,51.59,1,-1,-1,-1
449,56,555.81,37.99,13.97,46.82,1,-1,-1,-1
449,58,393.09,8.72,12.58,34.63,1,-1,-1,-1
449,59,383.60,5.78,14.08,33.98,1,-1,-1,-1
449,62,493.59,20.46,10.95,37.12,1,-1,-1,-1
450,1,440.41,19.51,11.54,32.03,1,-1,-1,-1
450,4,77.69,92.92,26.44,64.13,1,-1,-1,-1
450,29,305.55,42.65,24.57,64.16,1,-1,-1,-1
450,42,350.42,25.28,22.46,47.76,1,-1,-1,-1
450,46,465.55,8.48,11.59,32.81,1,-1,-1,-1
450,53,514.53,10.93,16.87,54.65,1,-1,-1,-1
450,56,555.89,38.09,13.81,46.19,1,-1,-1,-1
450,58,393.07,8.91,12.69,34.86,1,-1,-1,-1
450,59,383.55,5.40,14.05,33.92,1,-1,-1,-1
450,62,493.92,20.11,10.78,36.44,1,-1,-1,-1
451,1,439.10,19.68,11.41,31.68,1,-1,-1,-1
451,4,78.43,94.33,25.78,62.27,1,-1,-1,-1
451,29,304.21,42.91,23.92,63.49,1,-1,-1,-1
451,42,348.79,25.06,22.63,48.13,1,-1,-1,-1
451,46,465.57,8.81,11.57,32.94,1,-1,-1,-1
451,53,515.47,11.36,16.94,55.87,1,-1,-1,-1
451,56,556.00,38.79,13.60,45.30,1,-1,-1,-1
451,58,393.17,8.98,12.54,34.28,1,-1,-1,-1
451,62,493.37,19.99,10.73,36.18,1,-1,-1,-1
452,4,78.63,94.87,25.79,62.19,1,-1,-1,-1
452,29,302.80,43.02,23.99,63.67,1,-1,-1,-1
452,42,347.98,25.73,21.07,45.79,1,-1,-1,-1
452,46,465.13,8.26,11.82,33.65,1,-1,-1,-1
452,53,515.53,10.92,16.88,56.32,1,-1,-1,-1
452,56,556.04,39.03,13.56,44.99,1,-1,-1,-1
452,58,393.29,9.68,12.31,33.39,1,-1,-1,-1
452,62,492.79,19.95,10.81,36.07,1,-1,-1,-1
453,4,74.63,90.42,30.67,72.08,1,-1,-1,-1
453,29,301.36,43.03,24.24,64.75,1,-1,-1,-1
453,42,346.03,27.93,20.54,45.28,1,-1,-1,-1
453,46,464.87,7.40,12.12,34.58,1,-1,-1,-1
453,53,516.43,10.78,16.99,57.75,1,-1,-1,-1
453,56,555.97,39.11,13.74,45.55,1,-1,-1,-1
453,58,393.22,9.26,12.48,33.74,1,-1,-1,-1
453,62,492.63,20.60,10.72,35.37,1,-1,-1,-1
454,4,73.43,88.82,32.56,75.03,1,-1,-1,-1
454,29,300.38,43.04,23.99,64.34,1,-1,-1,-1
454,42,345.04,28.02,19.70,43.76,1,-1,-1,-1
454,46,464.79,7.08,12.21,34.92,1,-1,-1,-1
454,53,517.29,10.73,16.59,57.63,1,-1,-1,-1
454,56,555.40,37.15,14.26,47.09,1,-1,-1,-1
454,58,393.17,9.32,12.43,33.62,1,-1,-1,-1
454,62,492.43,20.56,10.71,35.30,1,-1,-1,-1
455,4,72.01,87.53,34.63,78.74,1,-1,-1,-1
455,29,299.22,42.38,24.25,64.84,1,-1,-1,-1
455,42,344.40,28.04,19.41,43.20,1,-1,-1,-1
455,46,464.87,7.62,12.04,34.39,1,-1,-1,-1
455,53,518.55,10.09,16.47,58.84,1,-1,-1,-1
455,56,555.13,37.17,14.25,47.06,1,-1,-1,-1
455,58,393.89,10.65,11.93,31.54,1,-1,-1,-1
455,62,492.76,20.11,11.09,36.63,1,-1,-1,-1
456,4,75.84,92.10,29.87,67.48,1,-1,-1,-1
456,29,297.72,41.48,25.24,68.31,1,-1,-1,-1
456,42,342.79,26.71,20.15,45.01,1,-1,-1,-1
456,46,464.91,7.83,11.97,34.18,1,-1,-1,-1
456,53,522.45,18.27,15.37,54.75,1,-1,-1,-1
456,56,554.82,29.28,15.14,49.34,1,-1,-1,-1
456,58,394.66,10.95,11.98,31.06,1,-1,-1,-1
456,62,492.62,20.02,11.12,36.72,1,-1,-1,-1
457,1,428.04,10.48,13.12,37.62,1,-1,-1,-1
457,4,77.41,94.08,28.10,63.23,1,-1,-1,-1
457,29,297.38,42.43,25.23,68.32,1,-1,-1,-1
457,42,341.12,26.88,20.69,45.67,1,-1,-1,-1
457,46,464.93,7.92,11.95,34.09,1,-1,-1,-1
457,53,524.12,22.22,14.57,52.38,1,-1,-1,-1
457,56,554.48,32.80,15.15,49.85,1,-1,-1,-1
457,58,394.46,11.05,12.23,30.90,1,-1,-1,-1
458,1,426.97,10.56,12.74,37.35,1,-1,-1,-1
458,4,77.91,95.44,26.92,60.39,1,-1,-1,-1
458,29,297.62,44.11,24.59,66.33,1,-1,-1,-1
458,42,338.94,25.63,22.13,48.55,1,-1,-1,-1
458,46,464.75,7.29,12.34,35.38,1,-1,-1,-1
458,53,525.50,26.35,12.00,43.44,1,-1,-1,-1
458,56,554.39,33.46,15.08,50.03,1,-1,-1,-1
458,58,394.86,11.08,12.71,31.53,1,-1,-1,-1
459,1,427.67,15.81,11.77,34.63,1,-1,-1,-1
459,4,78.21,95.93,26.28,58.68,1,-1,-1,-1
459,29,296.50,44.30,24.69,66.60,1,-1,-1,-1
459,42,336.82,25.16,22.74,49.64,1,-1,-1,-1
459,46,464.70,7.06,12.46,35.86,1,-1,-1,-1
459,53,525.37,26.42,12.82,45.74,1,-1,-1,-1
459,56,554.57,35.03,14.66,48.78,1,-1,-1,-1
459,58,394.17,10.42,13.23,32.43,1,-1,-1,-1
460,1,426.30,15.69,11.78,34.65,1,-1,-1,-1
460,4,78.17,96.09,26.37,58.76,1,-1,-1,-1
460,42,335.35,25.63,22.43,48.75,1,-1,-1,-1
460,46,464.70,6.97,12.47,36.03,1,-1,-1,-1
460,53,525.80,25.12,13.50,47.77,1,-1,-1,-1
460,56,554.35,34.96,14.68,48.87,1,-1,-1,-1
460,58,393.86,10.17,13.53,32.78,1,-1,-1,-1
460,59,384.28,7.83,13.39,33.01,1,-1,-1,-1
461,4,78.28,96.13,26.19,58.13,1,-1,-1,-1
461,42,333.76,25.49,22.59,49.10,1,-1,-1,-1
461,46,464.91,7.60,12.06,34.78,1,-1,-1,-1
461,53,526.48,24.61,13.99,49.20,1,-1,-1,-1
461,56,553.30,36.53,14.06,45.87,1,-1,-1,-1
461,58,393.70,10.07,13.72,32.91,1,-1,-1,-1
461,59,384.30,7.87,13.36,32.93,1,-1,-1,-1
462,4,77.66,95.46,26.79,59.25,1,-1,-1,-1
462,42,331.71,25.08,21.28,47.56,1,-1,-1,-1
462,46,465.00,7.85,11.91,34.29,1,-1,-1,-1
462,53,527.06,24.38,14.13,49.76,1,-1,-1,-1
462,56,552.60,32.04,14.80,47.97,1,-1,-1,-1
462,58,393.48,9.37,14.09,33.63,1,-1,-1,-1
463,4,77.15,95.21,27.58,61.01,1,-1,-1,-1
463,42,331.00,24.97,20.51,47.23,1,-1,-1,-1
463,46,465.12,8.61,11.66,33.44,1,-1,-1,-1
463,53,528.20,24.94,14.23,50.62,1,-1,-1,-1
463,56,552.35,29.90,15.07,49.31,1,-1,-1,-1
463,58,393.76,9.11,14.18,33.89,1,-1,-1,-1
464,1,421.55,8.64,12.67,37.71,1,-1,-1,-1
464,4,77.34,95.11,27.78,61.67,1,-1,-1,-1
464,42,329.40,24.81,20.56,47.35,1,-1,-1,-1
464,46,465.06,8.22,11.80,33.79,1,-1,-1,-1
464,48,552.16,46.15,13.44,36.04,1,-1,-1,-1
464,53,529.71,23.82,14.70,52.26,1,-1,-1,-1
464,56,552.02,29.29,15.12,49.49,1,-1,-1,-1
464,58,393.98,9.01,13.97,33.34,1,-1,-1,-1
464,59,384.55,8.00,12.90,31.18,1,-1,-1,-1
465,1,419.03,7.32,13.01,39.33,1,-1,-1,-1
465,4,77.58,95.07,27.55,61.26,1,-1,-1,-1
465,42,327.89,24.14,20.26,47.88,1,-1,-1,-1
465,46,465.32,8.08,11.95,33.92,1,-1,-1,-1
465,48,552.55,43.91,13.38,38.15,1,-1,-1,-1
465,53,530.40,24.03,14.57,51.57,1,-1,-1,-1
465,58,393.26,8.31,14.18,34.44,1,-1,-1,-1
465,59,384.70,7.31,13.30,32.39,1,-1,-1,-1
465,62,495.29,21.91,10.20,33.15,1,-1,-1,-1
466,1,417.29,6.84,12.91,39.91,1,-1,-1,-1
466,4,77.94,95.71,26.93,59.78,1,-1,-1,-1
466,42,326.20,24.65,19.88,48.69,1,-1,-1,-1
466,46,465.39,8.03,12.07,33.97,1,-1,-1,-1
466,48,552.15,44.52,13.07,38.80,1,-1,-1,-1
466,53,530.68,24.76,14.42,49.97,1,-1,-1,-1
466,58,392.67,7.41,14.25,35.51,1,-1,-1,-1
466,59,384.99,7.75,12.95,31.45,1,-1,-1,-1
466,62,495.80,22.00,10.12,32.98,1,-1,-1,-1
467,1,416.16,7.34,12.56,39.47,1,-1,-1,-1
467,4,78.17,95.95,26.53,59.22,1,-1,-1,-1
467,29,286.75,45.03,23.64,66.11,1,-1,-1,-1
467,42,324.85,26.15,18.67,46.34,1,-1,-1,-1
467,46,465.29,8.01,12.36,34.65,1,-1,-1,-1
467,48,551.51,44.78,12.61,38.38,1,-1,-1,-1
467,53,531.33,25.02,14.52,49.35,1,-1,-1,-1
467,58,392.42,6.42,14.31,36.56,1,-1,-1,-1
467,59,385.08,7.77,12.89,31.29,1,-1,-1,-1
467,62,495.39,21.36,10.56,34.28,1,-1,-1,-1
468,1,414.92,6.90,12.85,41.24,1,-1,-1,-1
468,4,78.43,96.70,26.04,58.35,1,-1,-1,-1
468,29,286.01,45.75,22.21,63.95,1,-1,-1,-1
468,42,324.32,28.07,17.73,44.08,1,-1,-1,-1
468,46,465.34,8.00,12.30,34.25,1,-1,-1,-1
468,48,551.16,44.65,12.69,38.61,1,-1,-1,-1
468,53,531.85,26.44,14.60,49.11,1,-1,-1,-1
468,56,540.61,28.80,15.78,50.02,1,-1,-1,-1
468,58,392.43,5.39,14.13,36.96,1,-1,-1,-1
468,62,495.23,21.13,10.73,34.74,1,-1,-1,-1
469,1,414.62,7.40,12.03,39.33,1,-1,-1,-1
469,4,78.55,96.97,25.82,58.03,1,-1,-1,-1
469,29,285.34,44.63,22.59,67.31,1,-1,-1,-1
469,42,322.80,28.33,17.61,43.79,1,-1,-1,-1
469,46,465.44,8.66,12.12,33.43,1,-1,-1,-1
469,53,532.73,26.96,14.52,49.03,1,-1,-1,-1
469,56,539.03,28.80,16.15,49.37,1,-1,-1,-1
469,58,392.16,5.01,13.98,37.10,1,-1,-1,-1
469,62,495.55,21.04,10.69,34.93,1,-1,-1,-1
470,1,414.33,7.63,11.55,37.87,1,-1,-1,-1
470,4,78.49,97.07,25.95,58.59,1,-1,-1,-1
470,29,282.87,42.93,23.31,71.11,1,-1,-1,-1
470,42,321.23,28.12,18.34,45.48,1,-1,-1,-1
470,46,465.45,8.91,12.11,33.12,1,-1,-1,-1
470,53,533.14,26.47,14.27,49.00,1,-1,-1,-1
470,56,538.20,28.80,16.20,49.15,1,-1,-1,-1
470,58,392.21,5.52,13.60,36.49,1,-1,-1,-1
470,62,495.60,20.34,10.79,35.65,1,-1,-1,-1
471,1,414.46,8.41,11.01,35.98,1,-1,-1,-1
471,4,78.12,97.09,26.03,58.81,1,-1,-1,-1
471,29,281.96,42.92,23.56,72.56,1,-1,-1,-1
471,42,320.42,28.10,18.41,45.81,1,-1,-1,-1
471,46,465.53,9.66,11.95,32.34,1,-1,-1,-1
471,53,533.53,25.61,14.29,50.31,1,-1,-1,-1
471,56,538.00,29.47,16.09,48.41,1,-1,-1,-1
471,58,392.67,6.40,13.26,35.58,1,-1,-1,-1
471,62,495.92,19.42,10.89,35.93,1,-1,-1,-1
472,1,414.10,8.04,11.06,36.62,1,-1,-1,-1
472,4,78.64,98.42,25.41,56.91,1,-1,-1,-1
472,29,281.95,46.82,23.08,70.51,1,-1,-1,-1
472,35,529.51,10.97,10.44,27.99,1,-1,-1,-1
472,42,319.52,27.43,18.41,45.93,1,-1,-1,-1
472,46,465.53,9.94,11.95,32.05,1,-1,-1,-1
472,53,537.47,27.90,14.55,49.49,1,-1,-1,-1
472,56,536.95,29.23,16.08,48.37,1,-1,-1,-1
472,58,392.46,6.74,13.24,35.89,1,-1,-1,-1
472,62,495.87,18.42,11.26,37.34,1,-1,-1,-1
473,1,409.76,9.24,10.95,36.20,1,-1,-1,-1
473,4,78.79,98.91,25.28,56.19,1,-1,-1,-1
473,29,281.61,48.35,23.03,70.33,1,-1,-1,-1
473,35,529.30,10.98,10.45,28.00,1,-1,-1,-1
473,42,317.53,27.17,18.51,46.63,1,-1,-1,-1
473,46,465.49,10.04,12.02,31.96,1,-1,-1,-1
473,53,538.63,29.44,14.63,48.51,1,-1,-1,-1
473,58,392.79,6.87,13.06,36.01,1,-1,-1,-1
473,62,496.13,18.05,11.48,37.87,1,-1,-1,-1
474,1,408.13,9.70,10.94,35.37,1,-1,-1,-1
474,4,74.79,97.08,33.34,73.33,1,-1,-1,-1
474,29,280.75,48.92,23.23,70.24,1,-1,-1,-1
474,42,316.07,27.22,18.53,46.71,1,-1,-1,-1
474,46,465.83,10.07,12.00,31.93,1,-1,-1,-1
474,53,538.74,28.66,15.22,48.80,1,-1,-1,-1
474,58,393.74,6.93,12.67,35.38,1,-1,-1,-1
474,62,496.76,18.57,11.15,36.76,1,-1,-1,-1
475,1,406.94,9.88,10.89,34.39,1,-1,-1,-1
475,4,70.99,93.46,39.17,85.81,1,-1,-1,-1
475,29,279.83,50.43,23.26,68.88,1,-1,-1,-1
475,46,465.47,9.41,12.31,32.59,1,-1,-1,-1
475,53,537.86,27.70,15.87,49.58,1,-1,-1,-1
475,58,395.10,7.62,12.54,35.14,1,-1,-1,-1
475,62,496.83,18.12,11.36,37.64,1,-1,-1,-1
476,1,405.83,9.95,11.00,34.04,1,-1,-1,-1
476,4,69.93,91.28,42.33,92.39,1,-1,-1,-1
476,29,279.19,52.32,23.26,66.35,1,-1,-1,-1
476,46,465.21,8.50,12.67,33.50,1,-1,-1,-1
476,53,537.30,27.98,16.53,50.53,1,-1,-1,-1
476,58,395.80,7.21,12.75,35.71,1,-1,-1,-1
476,62,496.86,17.96,11.41,37.96,1,-1,-1,-1
477,1,405.00,11.99,10.65,31.24,1,-1,-1,-1
477,4,68.98,90.35,43.44,93.88,1,-1,-1,-1
477,29,278.50,51.66,24.25,67.41,1,-1,-1,-1
477,46,465.22,8.15,12.60,33.19,1,-1,-1,-1
477,53,536.96,28.74,16.32,48.92,1,-1,-1,-1
477,58,396.35,8.38,12.25,33.95,1,-1,-1,-1
477,62,497.22,19.87,10.74,35.45,1,-1,-1,-1
478,1,404.55,12.07,10.97,31.58,1,-1,-1,-1
478,4,69.00,90.61,43.71,93.74,1,-1,-1,-1
478,29,276.99,52.73,24.55,67.14,1,-1,-1,-1
478,46,465.10,8.02,12.81,33.73,1,-1,-1,-1
478,53,536.23,28.35,16.68,50.29,1,-1,-1,-1
478,58,397.01,9.50,11.80,32.60,1,-1,-1,-1
478,62,497.38,19.87,10.73,35.42,1,-1,-1,-1
479,1,399.45,10.08,11.59,33.06,1,-1,-1,-1
479,4,70.68,92.63,42.39,90.40,1,-1,-1,-1
479,29,275.20,52.44,25.17,68.36,1,-1,-1,-1
479,46,465.26,8.63,12.47,32.62,1,-1,-1,-1
479,53,536.68,28.58,16.72,50.40,1,-1,-1,-1
479,58,401.48,10.59,11.97,32.78,1,-1,-1,-1
479,62,501.54,12.88,10.77,35.87,1,-1,-1,-1
480,1,397.97,10.66,11.79,32.95,1,-1,-1,-1
480,4,71.72,93.45,41.77,88.31,1,-1,-1,-1
480,29,274.03,51.66,25.80,69.48,1,-1,-1,-1
480,42,307.76,23.25,19.38,50.78,1,-1,-1,-1
480,46,464.98,7.54,13.04,34.19,1,-1,-1,-1
480,58,403.04,10.97,12.08,32.86,1,-1,-1,-1
480,62,501.18,14.74,11.30,38.66,1,-1,-1,-1
481,1,397.03,10.22,12.09,33.58,1,-1,-1,-1
481,4,71.24,93.12,42.64,90.04,1,-1,-1,-1
481,29,274.08,53.32,25.12,66.62,1,-1,-1,-1
481,42,307.09,22.99,18.53,49.04,1,-1,-1,-1
481,46,464.89,7.14,13.22,34.76,1,-1,-1,-1
481,58,403.07,10.43,12.51,34.22,1,-1,-1,-1
481,62,501.42,15.38,11.42,39.64,1,-1,-1,-1
482,1,396.91,10.72,11.85,32.50,1,-1,-1,-1
482,4,71.20,92.35,43.32,91.30,1,-1,-1,-1
482,29,273.42,51.26,26.34,69.52,1,-1,-1,-1
482,42,305.67,24.23,18.00,47.08,1,-1,-1,-1
482,46,464.86,6.99,13.28,34.97,1,-1,-1,-1
482,53,541.81,42.27,12.03,35.09,1,-1,-1,-1
482,58,403.29,10.23,12.21,33.42,1,-1,-1,-1
482,62,501.46,15.66,11.53,40.66,1,-1,-1,-1
483,1,396.03,9.57,12.25,33.44,1,-1,-1,-1
483,4,72.41,93.35,42.45,87.85,1,-1,-1,-1
483,29,271.91,50.51,27.37,72.52,1,-1,-1,-1
483,42,303.12,26.71,17.93,45.67,1,-1,-1,-1
483,46,464.75,6.94,13.49,35.71,1,-1,-1,-1
483,53,540.88,39.20,14.41,39.48,1,-1,-1,-1
483,58,403.33,9.47,12.09,33.11,1,-1,-1,-1
483,62,501.74,16.42,11.01,39.10,1,-1,-1,-1
484,1,395.07,8.50,12.43,33.78,1,-1,-1,-1
484,4,72.69,93.10,43.13,88.37,1,-1,-1,-1
484,29,271.40,50.21,27.70,73.02,1,-1,-1,-1
484,42,301.74,27.62,18.23,45.16,1,-1,-1,-1
484,46,464.73,6.93,13.54,35.98,1,-1,-1,-1
484,53,541.25,38.68,15.25,40.29,1,-1,-1,-1
484,58,404.00,9.54,12.05,33.00,1,-1,-1,-1
484,62,503.33,12.77,10.44,37.13,1,-1,-1,-1
485,1,394.63,8.09,12.73,34.57,1,-1,-1,-1
485,4,72.23,93.66,43.86,89.84,1,-1,-1,-1
485,29,269.81,48.14,30.67,77.11,1,-1,-1,-1
485,42,300.05,25.95,19.48,47.65,1,-1,-1,-1
485,46,464.84,6.93,13.31,35.42,1,-1,-1,-1
485,53,541.92,39.33,15.11,39.91,1,-1,-1,-1
485,56,528.41,21.08,18.96,57.83,1,-1,-1,-1
485,62,502.69,15.43,10.64,37.73,1,-1,-1,-1
486,1,394.31,7.95,13.25,35.52,1,-1,-1,-1
486,4,71.37,91.92,45.48,93.62,1,-1,-1,-1
486,29,266.30,46.71,33.15,81.21,1,-1,-1,-1
486,42,298.59,25.96,19.52,47.75,1,-1,-1,-1
486,46,464.89,6.93,13.21,35.20,1,-1,-1,-1
486,53,546.61,32.05,17.12,45.46,1,-1,-1,-1
486,56,528.13,20.19,19.20,59.43,1,-1,-1,-1
486,62,502.80,16.40,10.67,37.28,1,-1,-1,-1
487,1,394.10,7.90,13.04,35.24,1,-1,-1,-1
487,4,71.01,91.25,46.16,95.04,1,-1,-1,-1
487,29,265.47,48.71,32.44,80.23,1,-1,-1,-1
487,46,464.64,6.94,13.07,35.11,1,-1,-1,-1
487,53,548.87,31.24,17.15,45.94,1,-1,-1,-1
487,56,528.73,14.73,17.90,57.46,1,-1,-1,-1
487,62,503.01,16.11,10.98,38.43,1,-1,-1,-1
488,1,393.61,7.89,13.20,35.77,1,-1,-1,-1
488,4,70.67,89.71,46.81,97.47,1,-1,-1,-1
488,29,264.64,48.87,33.89,81.73,1,-1,-1,-1
488,46,464.95,7.61,12.84,34.41,1,-1,-1,-1
488,53,550.01,30.29,17.19,46.77,1,-1,-1,-1
488,56,528.88,12.59,16.97,55.33,1,-1,-1,-1
488,62,503.36,16.01,11.18,38.86,1,-1,-1,-1
489,1,393.84,8.55,13.14,35.32,1,-1,-1,-1
489,4,69.74,88.47,47.37,100.31,1,-1,-1,-1
489,29,264.19,50.88,32.16,78.39,1,-1,-1,-1
489,35,501.27,6.06,15.97,47.78,1,-1,-1,-1
489,46,465.07,7.86,12.77,34.14,1,-1,-1,-1
489,53,551.60,29.94,16.76,45.77,1,-1,-1,-1
489,56,528.67,11.17,16.54,55.17,1,-1,-1,-1
489,62,503.70,15.92,11.24,39.05,1,-1,-1,-1
490,1,393.67,8.81,13.07,35.14,1,-1,-1,-1
490,4,70.36,88.65,46.25,99.42,1,-1,-1,-1
490,29,264.42,51.67,31.42,77.68,1,-1,-1,-1
490,35,500.74,6.49,15.55,47.79,1,-1,-1,-1
490,46,464.82,7.96,12.67,34.04,1,-1,-1,-1
490,53,552.62,29.82,16.97,46.02,1,-1,-1,-1
490,56,528.53,10.67,16.54,56.43,1,-1,-1,-1
491,1,394.23,9.57,12.52,33.09,1,-1,-1,-1
491,4,70.93,89.39,45.16,98.34,1,-1,-1,-1
491,29,264.78,52.62,30.65,76.08,1,-1,-1,-1
491,35,500.88,6.72,15.45,47.68,1,-1,-1,-1
491,46,465.03,8.00,12.68,34.00,1,-1,-1,-1
491,53,553.18,28.48,17.93,48.73,1,-1,-1,-1
491,56,527.46,17.71,17.30,58.86,1,-1,-1,-1
491,58,403.22,9.04,12.03,32.97,1,-1,-1,-1
491,59,384.23,9.00,12.56,31.98,1,-1,-1,-1
492,1,394.21,9.19,12.84,33.65,1,-1,-1,-1
492,4,71.35,90.35,44.34,97.22,1,-1,-1,-1
492,29,265.43,53.63,29.40,73.46,1,-1,-1,-1
492,35,501.42,6.82,15.21,47.60,1,-1,-1,-1
492,46,465.21,8.01,12.50,33.33,1,-1,-1,-1
492,53,553.01,31.20,18.37,51.02,1,-1,-1,-1
492,56,526.88,17.50,17.44,59.35,1,-1,-1,-1
492,58,402.93,8.32,12.43,34.35,1,-1,-1,-1
492,59,384.12,7.70,12.74,33.98,1,-1,-1,-1
493,1,394.01,9.06,12.70,33.19,1,-1,-1,-1
493,4,71.43,90.72,44.18,98.06,1,-1,-1,-1
493,29,265.91,53.33,29.19,73.81,1,-1,-1,-1
493,35,503.22,12.63,13.29,43.06,1,-1,-1,-1
493,46,465.25,8.01,12.46,33.07,1,-1,-1,-1
493,53,554.48,30.36,17.93,49.98,1,-1,-1,-1
493,58,403.25,7.43,12.38,34.80,1,-1,-1,-1
493,59,384.35,7.87,12.27,33.43,1,-1,-1,-1
494,1,394.73,9.67,12.45,32.36,1,-1,-1,-1
494,4,71.76,90.21,44.17,99.00,1,-1,-1,-1
494,29,265.97,52.55,29.38,75.26,1,-1,-1,-1
494,35,504.36,14.96,12.51,41.18,1,-1,-1,-1
494,46,465.04,7.34,12.91,34.32,1,-1,-1,-1
494,53,554.73,32.00,18.30,50.84,1,-1,-1,-1
494,56,524.86,19.51,18.48,64.22,1,-1,-1,-1
494,58,403.03,7.75,12.39,34.98,1,-1,-1,-1
494,59,384.29,7.82,12.31,33.56,1,-1,-1,-1
495,1,394.60,9.91,12.53,32.72,1,-1,-1,-1
495,4,72.01,91.33,43.92,99.33,1,-1,-1,-1
495,29,266.49,52.24,29.15,75.80,1,-1,-1,-1
495,35,504.68,15.14,12.47,41.82,1,-1,-1,-1
495,46,464.97,7.10,13.07,34.78,1,-1,-1,-1
495,53,555.36,33.28,17.98,50.50,1,-1,-1,-1
495,56,524.18,19.53,18.72,65.08,1,-1,-1,-1
495,58,403.41,9.19,12.10,33.72,1,-1,-1,-1
496,1,395.08,10.65,12.18,31.53,1,-1,-1,-1
496,4,79.66,93.73,41.81,94.17,1,-1,-1,-1
496,29,266.65,52.78,28.51,75.35,1,-1,-1,-1
496,35,503.95,12.57,13.51,45.32,1,-1,-1,-1
496,46,464.94,7.01,13.12,34.95,1,-1,-1,-1
496,53,555.50,34.43,17.94,50.34,1,-1,-1,-1
496,56,524.48,21.43,17.80,62.14,1,-1,-1,-1
496,58,404.18,11.08,11.39,30.57,1,-1,-1,-1
497,1,394.64,10.93,12.65,32.44,1,-1,-1,-1
497,4,82.47,93.32,41.31,92.79,1,-1,-1,-1
497,29,267.46,53.64,27.47,73.18,1,-1,-1,-1
497,35,505.14,14.15,12.92,44.08,1,-1,-1,-1
497,46,465.04,6.98,12.92,34.36,1,-1,-1,-1
497,53,556.00,34.86,17.64,49.61,1,-1,-1,-1
497,56,523.89,21.62,17.95,62.66,1,-1,-1,-1
497,58,403.76,11.10,11.83,30.75,1,-1,-1,-1
497,59,383.72,7.08,12.64,34.88,1,-1,-1,-1
498,1,394.29,11.03,12.57,32.11,1,-1,-1,-1
498,4,83.43,93.16,41.19,92.28,1,-1,-1,-1
498,29,267.11,52.62,27.74,75.03,1,-1,-1,-1
498,35,506.54,15.45,12.25,42.22,1,-1,-1,-1
498,42,288.03,25.02,11.81,27.46,1,-1,-1,-1
498,46,464.97,6.97,13.07,34.79,1,-1,-1,-1
498,53,558.14,31.06,17.51,50.63,1,-1,-1,-1
498,56,518.99,21.96,17.55,61.47,1,-1,-1,-1
498,58,404.01,11.11,11.86,30.15,1,-1,-1,-1
498,59,383.54,7.67,12.23,34.35,1,-1,-1,-1
499,1,394.05,11.06,12.76,31.99,1,-1,-1,-1
499,4,84.24,94.43,40.18,89.43,1,-1,-1,-1
499,29,265.65,52.25,30.52,84.24,1,-1,-1,-1
499,35,507.21,15.93,11.78,40.82,1,-1,-1,-1
499,42,287.04,24.97,11.27,26.20,1,-1,-1,-1
499,46,464.66,6.97,13.02,34.95,1,-1,-1,-1
499,53,559.22,33.55,17.48,51.66,1,-1,-1,-1
499,56,517.88,22.05,17.44,61.27,1,-1,-1,-1
499,58,404.03,11.10,12.01,29.94,1,-1,-1,-1
499,59,382.45,7.88,12.15,34.17,1,-1,-1,-1
